1 1657684081
2 43568576
3 16190238
4 16642990
5 22476911
6 31218978
7 42655289
8 57291309
9 75706445
10 97884001
11 122600083
12 147518028
13 169560615
14 185646719
15 193481058
16 192023064
17 181899792
18 164648606
19 142760405
20 118898507
21 95271393
22 73710872
23 55219047
24 40263672
25 28692963
26 20170639
27 14151314
28 10043030
29 7338729
30 5604641
31 4510387
32 3810820
33 3349680
34 3016293
35 2749497
36 2521211
37 2312813
38 2111092
39 1927640
40 1751549
41 1595154
42 1451522
43 1331334
44 1224913
45 1135297
46 1059663
47 999454
48 940542
49 892656
50 850870
51 812092
52 778362
53 741595
54 710350
55 680715
56 650570
57 621759
58 592578
59 568429
60 541665
61 519571
62 498900
63 478768
64 460847
65 444129
66 428303
67 413731
68 401266
69 385882
70 373681
71 362099
72 351272
73 339904
74 329056
75 318186
76 309350
77 299777
78 291836
79 282207
80 274925
81 266170
82 258387
83 251167
84 244249
85 238275
86 232253
87 224586
88 218121
89 212094
90 206684
91 201792
92 196101
93 191884
94 186415
95 181220
96 176531
97 172268
98 167785
99 164117
100 160118
101 156914
102 153328
103 149870
104 146057
105 142683
106 139020
107 136638
108 134303
109 130693
110 128705
111 126066
112 122857
113 119726
114 117462
115 114789
116 112181
117 110398
118 107843
119 105011
120 102638
121 100870
122 98532
123 96419
124 93984
125 92493
126 90764
127 89270
128 87823
129 86000
130 84630
131 82284
132 80670
133 79601
134 77817
135 76733
136 75497
137 74114
138 72769
139 71722
140 69887
141 68817
142 67880
143 66139
144 65634
145 64141
146 63598
147 62079
148 61270
149 60804
150 59170
151 58135
152 57057
153 56244
154 55290
155 54434
156 53491
157 52695
158 52045
159 50707
160 50146
161 49247
162 48838
163 48173
164 46850
165 46316
166 45676
167 44908
168 44274
169 43320
170 42949
171 42405
172 42013
173 41289
174 40998
175 39767
176 39441
177 38907
178 38347
179 38165
180 37603
181 36848
182 36576
183 35720
184 35587
185 34854
186 34388
187 33844
188 34173
189 33360
190 32998
191 32656
192 32413
193 32026
194 31692
195 31104
196 30891
197 30677
198 30029
199 29879
200 29519
201 29247
202 28912
203 28480
204 28107
205 27941
206 27266
207 27143
208 27131
209 26812
210 26284
211 26277
212 26203
213 25923
214 25415
215 25085
216 25025
217 24451
218 24019
219 23983
220 23762
221 23667
222 23535
223 23237
224 23006
225 22796
226 22560
227 22339
228 22293
229 22140
230 21931
231 21387
232 21383
233 21397
234 21258
235 20851
236 20920
237 20634
238 20453
239 20444
240 20176
241 19946
242 19553
243 19514
244 19406
245 19323
246 18858
247 18593
248 18951
249 18645
250 18470
251 18158
252 18074
253 18083
254 17768
255 17700
256 17348
257 17320
258 17063
259 17186
260 16824
261 16746
262 16852
263 16591
264 16365
265 16179
266 16026
267 16053
268 15826
269 15782
270 15482
271 15495
272 15515
273 15302
274 15399
275 15247
276 15059
277 14692
278 14657
279 14686
280 14583
281 14516
282 14524
283 14210
284 14135
285 14133
286 13977
287 13974
288 13924
289 13713
290 13495
291 13370
292 13400
293 13260
294 13244
295 13178
296 12993
297 12919
298 12966
299 12740
300 12685
301 12605
302 12719
303 12626
304 12244
305 12387
306 12475
307 12404
308 12319
309 11806
310 11958
311 11818
312 11782
313 11498
314 11571
315 11520
316 11487
317 11325
318 11109
319 11215
320 11105
321 11070
322 10829
323 11085
324 10710
325 10718
326 10732
327 10713
328 10616
329 10566
330 10455
331 10305
332 10301
333 10107
334 10116
335 9976
336 9929
337 9912
338 9898
339 9706
340 9711
341 9583
342 9495
343 9477
344 9610
345 9237
346 9360
347 9284
348 9305
349 9039
350 8997
351 8998
352 8985
353 8681
354 8956
355 8718
356 8592
357 8689
358 8636
359 8415
360 8444
361 8372
362 8454
363 8244
364 8411
365 8225
366 8055
367 8221
368 8004
369 7944
370 7981
371 7839
372 7822
373 7701
374 7526
375 7655
376 7595
377 7652
378 7687
379 7595
380 7399
381 7433
382 7336
383 7307
384 7112
385 7156
386 7116
387 7128
388 6925
389 7027
390 7025
391 6943
392 6694
393 6917
394 6976
395 6960
396 6704
397 6747
398 6760
399 6783
400 6498
401 6530
402 6490
403 6605
404 6426
405 6402
406 6509
407 6444
408 6383
409 6331
410 6346
411 6286
412 6305
413 6149
414 6172
415 6030
416 5956
417 6195
418 5888
419 5942
420 5751
421 5882
422 5982
423 5942
424 5948
425 5883
426 5838
427 5676
428 5771
429 5641
430 5812
431 5625
432 5574
433 5502
434 5537
435 5702
436 5523
437 5406
438 5359
439 5410
440 5345
441 5308
442 5226
443 5240
444 5159
445 5246
446 5079
447 5011
448 5170
449 5231
450 5280
451 5078
452 5015
453 5055
454 5014
455 5001
456 4830
457 4938
458 4830
459 4872
460 4733
461 4800
462 4783
463 4735
464 4683
465 4656
466 4662
467 4813
468 4591
469 4614
470 4668
471 4549
472 4524
473 4524
474 4432
475 4406
476 4526
477 4406
478 4449
479 4352
480 4516
481 4451
482 4456
483 4354
484 4296
485 4376
486 4235
487 4182
488 4182
489 4177
490 4174
491 4162
492 4118
493 4019
494 4085
495 4061
496 4098
497 4108
498 4029
499 3980
500 3836
501 3992
502 3986
503 4022
504 3904
505 3868
506 3814
507 3932
508 3903
509 3710
510 3902
511 3874
512 3801
513 3701
514 3690
515 3834
516 3685
517 3705
518 3704
519 3790
520 3670
521 3730
522 3509
523 3592
524 3628
525 3596
526 3614
527 3436
528 3525
529 3520
530 3512
531 3515
532 3448
533 3526
534 3561
535 3459
536 3384
537 3314
538 3351
539 3348
540 3373
541 3395
542 3417
543 3356
544 3364
545 3336
546 3279
547 3345
548 3238
549 3269
550 3333
551 3428
552 3399
553 3248
554 3257
555 3127
556 3264
557 3185
558 3092
559 3092
560 3105
561 3023
562 3138
563 3059
564 3064
565 3075
566 3000
567 2948
568 3023
569 3058
570 3037
571 3025
572 3011
573 3033
574 2988
575 2988
576 3051
577 2914
578 2878
579 3107
580 2946
581 2921
582 2882
583 2807
584 2759
585 2857
586 2869
587 2848
588 2776
589 2819
590 2869
591 2893
592 2757
593 2828
594 2744
595 2724
596 2785
597 2767
598 2742
599 2676
600 2677
601 2745
602 2676
603 2678
604 2770
605 2718
606 2716
607 2658
608 2603
609 2637
610 2531
611 2687
612 2600
613 2607
614 2621
615 2517
616 2567
617 2474
618 2570
619 2587
620 2538
621 2622
622 2621
623 2595
624 2489
625 2519
626 2452
627 2480
628 2458
629 2475
630 2565
631 2477
632 2574
633 2454
634 2419
635 2418
636 2478
637 2393
638 2395
639 2406
640 2357
641 2324
642 2277
643 2386
644 2279
645 2345
646 2371
647 2293
648 2268
649 2216
650 2237
651 2243
652 2338
653 2283
654 2245
655 2273
656 2289
657 2290
658 2208
659 2227
660 2164
661 2182
662 2175
663 2218
664 2152
665 2183
666 2193
667 2168
668 2169
669 2129
670 2152
671 2232
672 2063
673 2090
674 2153
675 2148
676 2140
677 2143
678 2144
679 2018
680 2047
681 2092
682 2123
683 2088
684 2112
685 2057
686 2103
687 2130
688 2066
689 2135
690 2142
691 2040
692 2010
693 2078
694 2076
695 2020
696 2022
697 2000
698 1967
699 2021
700 2036
701 1941
702 1950
703 1996
704 1974
705 1936
706 2000
707 1875
708 1952
709 1913
710 1946
711 1842
712 1955
713 1893
714 1879
715 1959
716 1953
717 1933
718 1875
719 1907
720 1908
721 1882
722 1831
723 1810
724 1903
725 1834
726 1876
727 1856
728 1850
729 1851
730 1821
731 1827
732 1846
733 1773
734 1886
735 1865
736 1869
737 1824
738 1836
739 1759
740 1827
741 1812
742 1822
743 1724
744 1820
745 1749
746 1776
747 1802
748 1779
749 1782
750 1734
751 1809
752 1821
753 1786
754 1775
755 1733
756 1803
757 1687
758 1767
759 1771
760 1717
761 1761
762 1716
763 1752
764 1797
765 1743
766 1733
767 1688
768 1701
769 1749
770 1713
771 1640
772 1748
773 1628
774 1659
775 1711
776 1656
777 1672
778 1697
779 1677
780 1732
781 1700
782 1671
783 1657
784 1704
785 1709
786 1694
787 1563
788 1572
789 1652
790 1676
791 1678
792 1639
793 1585
794 1612
795 1609
796 1646
797 1608
798 1621
799 1582
800 1544
801 1656
802 1638
803 1551
804 1657
805 1705
806 1617
807 1583
808 1649
809 1609
810 1611
811 1559
812 1565
813 1641
814 1588
815 1629
816 1548
817 1664
818 1671
819 1616
820 1578
821 1666
822 1682
823 1650
824 1612
825 1667
826 1644
827 1562
828 1681
829 1668
830 1571
831 1541
832 1558
833 1642
834 1661
835 1582
836 1709
837 1729
838 1608
839 1585
840 1607
841 1639
842 1643
843 1614
844 1624
845 1582
846 1532
847 1614
848 1614
849 1522
850 1537
851 1555
852 1627
853 1610
854 1569
855 1565
856 1629
857 1617
858 1653
859 1574
860 1638
861 1533
862 1646
863 1644
864 1584
865 1650
866 1528
867 1664
868 1653
869 1589
870 1562
871 1627
872 1610
873 1611
874 1637
875 1533
876 1572
877 1645
878 1594
879 1603
880 1584
881 1631
882 1664
883 1613
884 1594
885 1575
886 1653
887 1617
888 1622
889 1611
890 1623
891 1612
892 1628
893 1615
894 1644
895 1572
896 1664
897 1643
898 1592
899 1643
900 1674
901 1649
902 1635
903 1720
904 1626
905 1616
906 1707
907 1667
908 1681
909 1629
910 1697
911 1664
912 1611
913 1677
914 1608
915 1657
916 1636
917 1633
918 1683
919 1531
920 1632
921 1625
922 1669
923 1682
924 1577
925 1627
926 1616
927 1614
928 1668
929 1694
930 1726
931 1695
932 1640
933 1625
934 1640
935 1654
936 1577
937 1608
938 1578
939 1714
940 1600
941 1648
942 1592
943 1622
944 1578
945 1668
946 1596
947 1511
948 1548
949 1512
950 1504
951 1569
952 1577
953 1531
954 1529
955 1439
956 1565
957 1496
958 1576
959 1533
960 1580
961 1482
962 1560
963 1531
964 1625
965 1556
966 1522
967 1495
968 1477
969 1464
970 1484
971 1479
972 1419
973 1462
974 1487
975 1459
976 1494
977 1502
978 1435
979 1475
980 1474
981 1493
982 1385
983 1464
984 1468
985 1492
986 1436
987 1453
988 1470
989 1467
990 1500
991 1429
992 1493
993 1442
994 1365
995 1486
996 1458
997 1541
998 1467
999 1448
1000 1505
1001 1398
1002 1435
1003 1417
1004 1492
1005 1449
1006 1428
1007 1468
1008 1492
1009 1481
1010 1399
1011 1455
1012 1438
1013 1488
1014 1465
1015 1424
1016 1450
1017 1468
1018 1463
1019 1513
1020 1502
1021 1405
1022 1360
1023 1485
1024 1415
1025 1334
1026 1372
1027 1394
1028 1386
1029 1434
1030 1395
1031 1381
1032 1315
1033 1352
1034 1323
1035 1377
1036 1332
1037 1347
1038 1364
1039 1393
1040 1296
1041 1261
1042 1280
1043 1267
1044 1343
1045 1315
1046 1231
1047 1210
1048 1225
1049 1276
1050 1162
1051 1308
1052 1203
1053 1247
1054 1227
1055 1255
1056 1246
1057 1169
1058 1258
1059 1193
1060 1236
1061 1234
1062 1202
1063 1220
1064 1123
1065 1252
1066 1136
1067 1172
1068 1153
1069 1150
1070 1157
1071 1073
1072 1126
1073 1156
1074 1164
1075 1132
1076 1147
1077 1080
1078 1112
1079 1155
1080 1107
1081 1041
1082 1111
1083 1091
1084 1069
1085 1077
1086 1159
1087 1138
1088 1043
1089 1103
1090 1034
1091 1115
1092 1093
1093 1046
1094 1059
1095 1020
1096 1089
1097 1069
1098 1099
1099 1080
1100 1078
1101 1038
1102 1051
1103 1044
1104 1010
1105 1047
1106 1010
1107 997
1108 1043
1109 965
1110 1033
1111 1006
1112 958
1113 893
1114 1029
1115 1037
1116 975
1117 988
1118 997
1119 1019
1120 941
1121 980
1122 973
1123 964
1124 919
1125 901
1126 942
1127 904
1128 896
1129 918
1130 926
1131 962
1132 858
1133 886
1134 879
1135 934
1136 851
1137 900
1138 880
1139 831
1140 833
1141 781
1142 798
1143 832
1144 801
1145 861
1146 831
1147 902
1148 840
1149 844
1150 907
1151 831
1152 829
1153 799
1154 876
1155 786
1156 817
1157 800
1158 833
1159 803
1160 818
1161 752
1162 809
1163 771
1164 758
1165 756
1166 789
1167 838
1168 732
1169 778
1170 768
1171 769
1172 842
1173 796
1174 757
1175 761
1176 726
1177 757
1178 725
1179 750
1180 730
1181 766
1182 743
1183 695
1184 693
1185 739
1186 748
1187 745
1188 718
1189 728
1190 713
1191 760
1192 718
1193 689
1194 727
1195 696
1196 722
1197 693
1198 743
1199 740
1200 729
1201 762
1202 706
1203 715
1204 670
1205 719
1206 644
1207 732
1208 685
1209 628
1210 698
1211 701
1212 682
1213 721
1214 706
1215 712
1216 686
1217 693
1218 686
1219 729
1220 725
1221 695
1222 663
1223 706
1224 718
1225 660
1226 656
1227 666
1228 685
1229 643
1230 628
1231 633
1232 681
1233 684
1234 671
1235 726
1236 666
1237 678
1238 651
1239 659
1240 644
1241 694
1242 686
1243 663
1244 646
1245 666
1246 650
1247 665
1248 655
1249 642
1250 688
1251 678
1252 635
1253 674
1254 632
1255 634
1256 634
1257 629
1258 665
1259 625
1260 584
1261 597
1262 644
1263 632
1264 618
1265 661
1266 666
1267 607
1268 642
1269 635
1270 651
1271 627
1272 634
1273 648
1274 616
1275 577
1276 552
1277 628
1278 609
1279 649
1280 624
1281 586
1282 581
1283 619
1284 610
1285 638
1286 542
1287 599
1288 627
1289 590
1290 604
1291 575
1292 594
1293 611
1294 578
1295 612
1296 573
1297 568
1298 606
1299 608
1300 534
1301 593
1302 588
1303 608
1304 588
1305 583
1306 582
1307 618
1308 575
1309 568
1310 572
1311 613
1312 605
1313 559
1314 579
1315 510
1316 557
1317 572
1318 576
1319 531
1320 561
1321 521
1322 573
1323 556
1324 564
1325 596
1326 596
1327 564
1328 595
1329 573
1330 575
1331 560
1332 553
1333 529
1334 539
1335 524
1336 576
1337 571
1338 515
1339 569
1340 571
1341 553
1342 555
1343 526
1344 537
1345 539
1346 515
1347 498
1348 570
1349 529
1350 559
1351 535
1352 533
1353 557
1354 587
1355 497
1356 531
1357 542
1358 532
1359 556
1360 511
1361 518
1362 521
1363 534
1364 517
1365 522
1366 537
1367 547
1368 560
1369 488
1370 523
1371 523
1372 562
1373 540
1374 531
1375 510
1376 523
1377 536
1378 541
1379 538
1380 558
1381 523
1382 514
1383 531
1384 528
1385 529
1386 566
1387 504
1388 509
1389 503
1390 512
1391 551
1392 513
1393 486
1394 536
1395 542
1396 476
1397 549
1398 486
1399 441
1400 465
1401 477
1402 512
1403 489
1404 506
1405 466
1406 487
1407 528
1408 437
1409 489
1410 508
1411 482
1412 503
1413 498
1414 503
1415 528
1416 455
1417 469
1418 471
1419 486
1420 479
1421 472
1422 488
1423 473
1424 486
1425 503
1426 454
1427 476
1428 479
1429 465
1430 463
1431 541
1432 453
1433 502
1434 456
1435 500
1436 504
1437 511
1438 497
1439 507
1440 469
1441 455
1442 495
1443 492
1444 497
1445 444
1446 466
1447 443
1448 493
1449 443
1450 474
1451 449
1452 471
1453 460
1454 475
1455 525
1456 438
1457 475
1458 488
1459 445
1460 472
1461 463
1462 476
1463 458
1464 453
1465 453
1466 478
1467 464
1468 448
1469 457
1470 463
1471 453
1472 457
1473 457
1474 441
1475 453
1476 462
1477 454
1478 448
1479 457
1480 445
1481 451
1482 438
1483 453
1484 442
1485 416
1486 421
1487 436
1488 435
1489 426
1490 443
1491 452
1492 445
1493 459
1494 428
1495 431
1496 440
1497 460
1498 431
1499 422
1500 451
1501 445
1502 428
1503 498
1504 423
1505 428
1506 422
1507 431
1508 401
1509 424
1510 421
1511 394
1512 431
1513 399
1514 422
1515 408
1516 429
1517 421
1518 429
1519 399
1520 427
1521 389
1522 434
1523 420
1524 411
1525 414
1526 418
1527 459
1528 437
1529 414
1530 376
1531 389
1532 412
1533 390
1534 417
1535 394
1536 418
1537 420
1538 372
1539 384
1540 435
1541 425
1542 410
1543 393
1544 459
1545 396
1546 355
1547 390
1548 365
1549 369
1550 350
1551 375
1552 370
1553 377
1554 421
1555 409
1556 413
1557 404
1558 416
1559 394
1560 373
1561 339
1562 374
1563 380
1564 391
1565 392
1566 356
1567 347
1568 418
1569 404
1570 364
1571 371
1572 380
1573 358
1574 389
1575 359
1576 395
1577 367
1578 401
1579 376
1580 384
1581 360
1582 388
1583 388
1584 377
1585 335
1586 374
1587 379
1588 371
1589 403
1590 375
1591 414
1592 366
1593 341
1594 367
1595 364
1596 358
1597 376
1598 375
1599 359
1600 357
1601 368
1602 375
1603 343
1604 359
1605 363
1606 352
1607 374
1608 341
1609 367
1610 366
1611 320
1612 323
1613 349
1614 337
1615 366
1616 324
1617 374
1618 357
1619 339
1620 339
1621 338
1622 357
1623 370
1624 382
1625 355
1626 369
1627 365
1628 352
1629 331
1630 386
1631 390
1632 321
1633 348
1634 319
1635 363
1636 350
1637 339
1638 346
1639 360
1640 334
1641 346
1642 341
1643 345
1644 341
1645 274
1646 356
1647 357
1648 348
1649 345
1650 345
1651 329
1652 359
1653 343
1654 345
1655 349
1656 338
1657 363
1658 346
1659 353
1660 335
1661 333
1662 367
1663 358
1664 352
1665 335
1666 288
1667 350
1668 307
1669 356
1670 342
1671 332
1672 310
1673 338
1674 324
1675 332
1676 347
1677 332
1678 334
1679 349
1680 324
1681 333
1682 313
1683 368
1684 341
1685 303
1686 348
1687 345
1688 334
1689 331
1690 304
1691 309
1692 326
1693 324
1694 335
1695 312
1696 303
1697 349
1698 313
1699 312
1700 338
1701 364
1702 321
1703 323
1704 312
1705 332
1706 306
1707 316
1708 340
1709 325
1710 325
1711 295
1712 318
1713 336
1714 298
1715 308
1716 297
1717 305
1718 282
1719 290
1720 283
1721 320
1722 305
1723 308
1724 317
1725 329
1726 360
1727 334
1728 287
1729 291
1730 291
1731 293
1732 296
1733 288
1734 296
1735 319
1736 269
1737 321
1738 332
1739 320
1740 305
1741 296
1742 310
1743 310
1744 318
1745 323
1746 320
1747 295
1748 292
1749 276
1750 311
1751 300
1752 311
1753 313
1754 314
1755 309
1756 295
1757 279
1758 266
1759 320
1760 298
1761 283
1762 282
1763 284
1764 275
1765 326
1766 308
1767 283
1768 298
1769 249
1770 274
1771 299
1772 303
1773 281
1774 296
1775 299
1776 307
1777 269
1778 285
1779 261
1780 277
1781 282
1782 271
1783 306
1784 294
1785 323
1786 272
1787 281
1788 286
1789 292
1790 280
1791 269
1792 290
1793 272
1794 242
1795 260
1796 279
1797 249
1798 268
1799 271
1800 273
1801 271
1802 308
1803 253
1804 305
1805 315
1806 263
1807 298
1808 298
1809 253
1810 294
1811 278
1812 237
1813 263
1814 244
1815 271
1816 262
1817 247
1818 274
1819 247
1820 266
1821 281
1822 272
1823 253
1824 276
1825 227
1826 259
1827 265
1828 276
1829 267
1830 265
1831 295
1832 262
1833 250
1834 262
1835 253
1836 272
1837 266
1838 279
1839 277
1840 267
1841 276
1842 284
1843 258
1844 273
1845 269
1846 299
1847 284
1848 269
1849 281
1850 253
1851 273
1852 258
1853 271
1854 286
1855 262
1856 244
1857 264
1858 273
1859 266
1860 266
1861 275
1862 259
1863 248
1864 269
1865 267
1866 277
1867 227
1868 246
1869 247
1870 263
1871 276
1872 250
1873 257
1874 231
1875 304
1876 263
1877 245
1878 251
1879 265
1880 263
1881 250
1882 255
1883 257
1884 252
1885 232
1886 230
1887 278
1888 249
1889 247
1890 237
1891 244
1892 259
1893 246
1894 236
1895 270
1896 246
1897 244
1898 264
1899 224
1900 282
1901 264
1902 245
1903 220
1904 240
1905 263
1906 243
1907 271
1908 234
1909 242
1910 271
1911 217
1912 244
1913 257
1914 219
1915 249
1916 220
1917 251
1918 244
1919 246
1920 250
1921 246
1922 270
1923 266
1924 243
1925 252
1926 258
1927 251
1928 231
1929 260
1930 251
1931 256
1932 235
1933 237
1934 248
1935 255
1936 213
1937 227
1938 242
1939 219
1940 233
1941 269
1942 240
1943 231
1944 245
1945 227
1946 228
1947 242
1948 257
1949 226
1950 256
1951 209
1952 221
1953 247
1954 231
1955 254
1956 225
1957 247
1958 237
1959 246
1960 250
1961 220
1962 259
1963 248
1964 227
1965 245
1966 209
1967 224
1968 229
1969 223
1970 223
1971 234
1972 209
1973 257
1974 218
1975 251
1976 220
1977 246
1978 211
1979 244
1980 249
1981 219
1982 223
1983 228
1984 200
1985 233
1986 223
1987 237
1988 242
1989 266
1990 256
1991 222
1992 231
1993 196
1994 232
1995 273
1996 235
1997 249
1998 223
1999 220
2000 216
2001 247
2002 241
2003 216
2004 237
2005 229
2006 257
2007 230
2008 228
2009 206
2010 249
2011 213
2012 206
2013 224
2014 216
2015 229
2016 216
2017 251
2018 226
2019 229
2020 252
2021 220
2022 222
2023 235
2024 245
2025 254
2026 231
2027 244
2028 226
2029 258
2030 229
2031 245
2032 211
2033 239
2034 218
2035 218
2036 223
2037 206
2038 227
2039 239
2040 272
2041 221
2042 255
2043 227
2044 221
2045 235
2046 238
2047 236
2048 219
2049 233
2050 224
2051 212
2052 215
2053 215
2054 209
2055 212
2056 232
2057 191
2058 217
2059 235
2060 220
2061 220
2062 207
2063 199
2064 214
2065 215
2066 197
2067 213
2068 217
2069 236
2070 194
2071 202
2072 238
2073 174
2074 203
2075 221
2076 199
2077 217
2078 187
2079 224
2080 210
2081 205
2082 226
2083 209
2084 187
2085 213
2086 206
2087 212
2088 210
2089 219
2090 215
2091 219
2092 220
2093 232
2094 182
2095 226
2096 209
2097 215
2098 205
2099 206
2100 209
2101 209
2102 213
2103 207
2104 202
2105 181
2106 205
2107 189
2108 198
2109 203
2110 186
2111 209
2112 215
2113 224
2114 202
2115 207
2116 197
2117 205
2118 199
2119 224
2120 196
2121 216
2122 196
2123 200
2124 195
2125 234
2126 221
2127 208
2128 222
2129 198
2130 205
2131 165
2132 213
2133 205
2134 199
2135 193
2136 212
2137 200
2138 203
2139 205
2140 181
2141 216
2142 180
2143 199
2144 198
2145 207
2146 200
2147 192
2148 222
2149 195
2150 191
2151 197
2152 197
2153 199
2154 214
2155 177
2156 195
2157 223
2158 196
2159 207
2160 166
2161 199
2162 196
2163 183
2164 193
2165 197
2166 180
2167 220
2168 209
2169 197
2170 188
2171 204
2172 199
2173 169
2174 186
2175 197
2176 191
2177 189
2178 174
2179 190
2180 186
2181 157
2182 201
2183 218
2184 206
2185 222
2186 204
2187 168
2188 218
2189 203
2190 186
2191 198
2192 199
2193 190
2194 207
2195 191
2196 200
2197 193
2198 185
2199 212
2200 188
2201 181
2202 169
2203 162
2204 188
2205 200
2206 180
2207 175
2208 185
2209 183
2210 180
2211 177
2212 200
2213 197
2214 204
2215 175
2216 183
2217 200
2218 209
2219 201
2220 200
2221 194
2222 181
2223 210
2224 217
2225 196
2226 180
2227 189
2228 187
2229 188
2230 188
2231 195
2232 177
2233 157
2234 185
2235 166
2236 181
2237 182
2238 206
2239 185
2240 188
2241 188
2242 185
2243 169
2244 206
2245 218
2246 174
2247 189
2248 191
2249 176
2250 177
2251 188
2252 171
2253 172
2254 167
2255 174
2256 181
2257 186
2258 184
2259 179
2260 161
2261 181
2262 184
2263 191
2264 161
2265 165
2266 217
2267 158
2268 173
2269 196
2270 160
2271 158
2272 160
2273 200
2274 192
2275 200
2276 180
2277 177
2278 173
2279 181
2280 160
2281 145
2282 165
2283 184
2284 181
2285 165
2286 173
2287 158
2288 160
2289 192
2290 173
2291 181
2292 191
2293 194
2294 172
2295 159
2296 181
2297 172
2298 171
2299 181
2300 174
2301 167
2302 150
2303 158
2304 184
2305 185
2306 182
2307 170
2308 168
2309 171
2310 184
2311 163
2312 177
2313 185
2314 154
2315 160
2316 173
2317 149
2318 183
2319 186
2320 169
2321 170
2322 181
2323 170
2324 157
2325 162
2326 186
2327 180
2328 162
2329 149
2330 158
2331 162
2332 162
2333 161
2334 178
2335 182
2336 193
2337 149
2338 160
2339 170
2340 172
2341 180
2342 172
2343 176
2344 144
2345 154
2346 168
2347 146
2348 170
2349 148
2350 168
2351 185
2352 169
2353 190
2354 164
2355 168
2356 168
2357 188
2358 158
2359 169
2360 177
2361 168
2362 160
2363 167
2364 174
2365 160
2366 169
2367 182
2368 140
2369 173
2370 170
2371 184
2372 162
2373 168
2374 186
2375 170
2376 169
2377 169
2378 151
2379 170
2380 168
2381 175
2382 160
2383 152
2384 158
2385 151
2386 154
2387 160
2388 162
2389 155
2390 155
2391 146
2392 154
2393 163
2394 169
2395 171
2396 177
2397 158
2398 146
2399 158
2400 168
2401 148
2402 154
2403 171
2404 145
2405 170
2406 131
2407 152
2408 167
2409 168
2410 177
2411 157
2412 157
2413 152
2414 156
2415 151
2416 172
2417 160
2418 171
2419 154
2420 147
2421 158
2422 177
2423 172
2424 174
2425 156
2426 175
2427 166
2428 178
2429 150
2430 120
2431 177
2432 148
2433 153
2434 134
2435 169
2436 166
2437 153
2438 161
2439 143
2440 167
2441 162
2442 157
2443 143
2444 165
2445 161
2446 158
2447 146
2448 168
2449 146
2450 159
2451 153
2452 139
2453 170
2454 151
2455 157
2456 146
2457 161
2458 152
2459 144
2460 162
2461 146
2462 138
2463 143
2464 165
2465 134
2466 182
2467 153
2468 142
2469 164
2470 164
2471 169
2472 134
2473 161
2474 148
2475 136
2476 141
2477 154
2478 166
2479 153
2480 143
2481 141
2482 146
2483 142
2484 145
2485 149
2486 151
2487 152
2488 157
2489 153
2490 153
2491 146
2492 173
2493 163
2494 163
2495 122
2496 170
2497 142
2498 133
2499 149
2500 170
2501 141
2502 157
2503 165
2504 148
2505 146
2506 142
2507 143
2508 130
2509 145
2510 142
2511 143
2512 146
2513 159
2514 134
2515 136
2516 136
2517 155
2518 137
2519 144
2520 145
2521 140
2522 137
2523 148
2524 136
2525 156
2526 159
2527 162
2528 147
2529 150
2530 144
2531 153
2532 142
2533 142
2534 130
2535 122
2536 156
2537 141
2538 169
2539 133
2540 150
2541 139
2542 158
2543 146
2544 153
2545 141
2546 133
2547 128
2548 136
2549 145
2550 162
2551 116
2552 121
2553 153
2554 154
2555 146
2556 155
2557 153
2558 167
2559 129
2560 141
2561 148
2562 143
2563 157
2564 157
2565 140
2566 158
2567 131
2568 141
2569 143
2570 156
2571 152
2572 162
2573 125
2574 154
2575 140
2576 158
2577 150
2578 164
2579 148
2580 153
2581 138
2582 133
2583 160
2584 159
2585 132
2586 163
2587 152
2588 138
2589 121
2590 125
2591 163
2592 159
2593 129
2594 137
2595 149
2596 156
2597 133
2598 154
2599 148
2600 138
2601 136
2602 156
2603 139
2604 152
2605 152
2606 122
2607 141
2608 118
2609 125
2610 143
2611 172
2612 131
2613 143
2614 140
2615 146
2616 147
2617 119
2618 148
2619 154
2620 148
2621 148
2622 151
2623 152
2624 151
2625 143
2626 143
2627 139
2628 150
2629 130
2630 138
2631 149
2632 153
2633 133
2634 146
2635 128
2636 141
2637 138
2638 145
2639 156
2640 142
2641 138
2642 148
2643 150
2644 140
2645 138
2646 165
2647 150
2648 149
2649 128
2650 153
2651 126
2652 121
2653 129
2654 152
2655 138
2656 124
2657 142
2658 132
2659 144
2660 142
2661 156
2662 138
2663 126
2664 142
2665 145
2666 158
2667 157
2668 130
2669 122
2670 139
2671 130
2672 148
2673 146
2674 135
2675 148
2676 119
2677 152
2678 135
2679 105
2680 143
2681 152
2682 125
2683 111
2684 137
2685 144
2686 125
2687 131
2688 133
2689 124
2690 142
2691 131
2692 149
2693 138
2694 149
2695 103
2696 123
2697 145
2698 127
2699 114
2700 127
2701 121
2702 133
2703 125
2704 117
2705 120
2706 129
2707 144
2708 136
2709 135
2710 148
2711 119
2712 135
2713 108
2714 143
2715 130
2716 127
2717 154
2718 157
2719 137
2720 118
2721 125
2722 138
2723 159
2724 132
2725 160
2726 123
2727 139
2728 137
2729 123
2730 119
2731 141
2732 126
2733 147
2734 128
2735 115
2736 133
2737 131
2738 137
2739 126
2740 118
2741 140
2742 114
2743 139
2744 131
2745 120
2746 124
2747 130
2748 141
2749 119
2750 134
2751 117
2752 137
2753 116
2754 127
2755 148
2756 130
2757 132
2758 122
2759 135
2760 115
2761 125
2762 103
2763 126
2764 117
2765 130
2766 128
2767 135
2768 136
2769 120
2770 145
2771 109
2772 138
2773 126
2774 120
2775 134
2776 122
2777 121
2778 133
2779 119
2780 122
2781 125
2782 125
2783 124
2784 141
2785 133
2786 122
2787 141
2788 110
2789 134
2790 123
2791 117
2792 126
2793 139
2794 123
2795 143
2796 131
2797 133
2798 134
2799 121
2800 136
2801 119
2802 124
2803 128
2804 126
2805 131
2806 139
2807 121
2808 131
2809 126
2810 130
2811 127
2812 147
2813 117
2814 134
2815 107
2816 122
2817 140
2818 135
2819 118
2820 137
2821 125
2822 125
2823 110
2824 116
2825 105
2826 136
2827 137
2828 129
2829 145
2830 136
2831 121
2832 124
2833 121
2834 137
2835 122
2836 119
2837 102
2838 119
2839 128
2840 135
2841 134
2842 120
2843 122
2844 120
2845 132
2846 107
2847 113
2848 107
2849 108
2850 130
2851 117
2852 109
2853 128
2854 111
2855 110
2856 117
2857 140
2858 130
2859 116
2860 134
2861 118
2862 139
2863 117
2864 131
2865 122
2866 150
2867 109
2868 88
2869 120
2870 114
2871 127
2872 84
2873 116
2874 94
2875 117
2876 125
2877 117
2878 103
2879 125
2880 110
2881 112
2882 124
2883 102
2884 120
2885 97
2886 128
2887 117
2888 120
2889 113
2890 131
2891 123
2892 126
2893 114
2894 116
2895 118
2896 103
2897 102
2898 101
2899 113
2900 126
2901 120
2902 112
2903 117
2904 130
2905 108
2906 117
2907 101
2908 117
2909 96
2910 103
2911 139
2912 103
2913 112
2914 124
2915 120
2916 135
2917 125
2918 122
2919 127
2920 95
2921 132
2922 87
2923 101
2924 106
2925 116
2926 105
2927 120
2928 124
2929 116
2930 110
2931 101
2932 116
2933 113
2934 118
2935 132
2936 111
2937 134
2938 114
2939 113
2940 117
2941 132
2942 128
2943 119
2944 143
2945 112
2946 125
2947 112
2948 100
2949 130
2950 133
2951 117
2952 109
2953 102
2954 126
2955 118
2956 129
2957 119
2958 118
2959 114
2960 125
2961 111
2962 90
2963 110
2964 98
2965 114
2966 105
2967 119
2968 124
2969 97
2970 126
2971 121
2972 119
2973 124
2974 105
2975 112
2976 98
2977 129
2978 133
2979 90
2980 113
2981 133
2982 139
2983 121
2984 128
2985 120
2986 120
2987 115
2988 100
2989 94
2990 109
2991 91
2992 107
2993 116
2994 115
2995 131
2996 101
2997 102
2998 106
2999 112
3000 126
3001 127
3002 114
3003 113
3004 119
3005 113
3006 98
3007 120
3008 99
3009 124
3010 109
3011 108
3012 115
3013 110
3014 103
3015 118
3016 107
3017 108
3018 111
3019 114
3020 90
3021 112
3022 108
3023 131
3024 112
3025 108
3026 128
3027 101
3028 111
3029 92
3030 105
3031 119
3032 104
3033 109
3034 104
3035 100
3036 103
3037 113
3038 132
3039 114
3040 112
3041 110
3042 117
3043 99
3044 115
3045 118
3046 109
3047 104
3048 131
3049 115
3050 102
3051 112
3052 106
3053 122
3054 101
3055 120
3056 93
3057 119
3058 100
3059 120
3060 122
3061 97
3062 117
3063 94
3064 112
3065 121
3066 117
3067 107
3068 121
3069 103
3070 100
3071 113
3072 118
3073 116
3074 97
3075 129
3076 115
3077 129
3078 113
3079 92
3080 124
3081 109
3082 110
3083 107
3084 104
3085 99
3086 100
3087 107
3088 110
3089 113
3090 129
3091 106
3092 112
3093 132
3094 100
3095 84
3096 95
3097 96
3098 110
3099 125
3100 102
3101 132
3102 106
3103 116
3104 114
3105 113
3106 107
3107 123
3108 108
3109 116
3110 107
3111 107
3112 102
3113 101
3114 96
3115 105
3116 100
3117 94
3118 111
3119 97
3120 100
3121 110
3122 111
3123 111
3124 122
3125 117
3126 107
3127 111
3128 96
3129 119
3130 113
3131 110
3132 94
3133 91
3134 102
3135 106
3136 123
3137 100
3138 108
3139 104
3140 94
3141 101
3142 90
3143 104
3144 107
3145 126
3146 126
3147 112
3148 105
3149 106
3150 91
3151 108
3152 110
3153 96
3154 92
3155 107
3156 98
3157 107
3158 101
3159 117
3160 104
3161 95
3162 96
3163 105
3164 107
3165 99
3166 112
3167 91
3168 97
3169 105
3170 101
3171 103
3172 123
3173 100
3174 111
3175 89
3176 99
3177 97
3178 88
3179 104
3180 111
3181 95
3182 99
3183 117
3184 110
3185 89
3186 107
3187 97
3188 92
3189 108
3190 107
3191 116
3192 101
3193 102
3194 104
3195 115
3196 105
3197 111
3198 122
3199 117
3200 76
3201 95
3202 102
3203 97
3204 109
3205 114
3206 111
3207 89
3208 129
3209 126
3210 104
3211 94
3212 110
3213 99
3214 105
3215 96
3216 107
3217 94
3218 97
3219 93
3220 91
3221 104
3222 79
3223 88
3224 89
3225 87
3226 110
3227 125
3228 100
3229 88
3230 102
3231 98
3232 102
3233 107
3234 122
3235 103
3236 112
3237 98
3238 100
3239 108
3240 105
3241 96
3242 99
3243 120
3244 108
3245 108
3246 101
3247 91
3248 115
3249 118
3250 99
3251 106
3252 110
3253 70
3254 97
3255 117
3256 90
3257 100
3258 99
3259 85
3260 96
3261 91
3262 108
3263 104
3264 113
3265 108
3266 115
3267 109
3268 110
3269 90
3270 95
3271 91
3272 102
3273 104
3274 98
3275 101
3276 93
3277 92
3278 87
3279 98
3280 99
3281 108
3282 89
3283 112
3284 98
3285 109
3286 90
3287 91
3288 103
3289 108
3290 101
3291 92
3292 87
3293 111
3294 104
3295 101
3296 97
3297 74
3298 103
3299 85
3300 85
3301 100
3302 96
3303 88
3304 97
3305 90
3306 89
3307 84
3308 101
3309 94
3310 84
3311 96
3312 106
3313 101
3314 114
3315 91
3316 95
3317 89
3318 81
3319 100
3320 97
3321 95
3322 88
3323 87
3324 120
3325 94
3326 118
3327 108
3328 88
3329 90
3330 102
3331 98
3332 95
3333 96
3334 85
3335 95
3336 87
3337 95
3338 91
3339 83
3340 104
3341 93
3342 80
3343 96
3344 89
3345 93
3346 86
3347 100
3348 104
3349 97
3350 106
3351 95
3352 104
3353 98
3354 83
3355 91
3356 101
3357 83
3358 82
3359 110
3360 86
3361 93
3362 90
3363 93
3364 91
3365 97
3366 88
3367 83
3368 86
3369 91
3370 97
3371 79
3372 95
3373 104
3374 83
3375 92
3376 92
3377 95
3378 81
3379 88
3380 87
3381 84
3382 91
3383 87
3384 70
3385 99
3386 80
3387 82
3388 74
3389 79
3390 87
3391 87
3392 85
3393 91
3394 94
3395 75
3396 90
3397 81
3398 84
3399 99
3400 74
3401 76
3402 90
3403 64
3404 83
3405 93
3406 100
3407 88
3408 90
3409 83
3410 92
3411 113
3412 94
3413 75
3414 83
3415 82
3416 91
3417 102
3418 100
3419 90
3420 89
3421 73
3422 93
3423 91
3424 90
3425 103
3426 99
3427 88
3428 95
3429 103
3430 92
3431 95
3432 105
3433 87
3434 83
3435 81
3436 85
3437 79
3438 82
3439 98
3440 71
3441 77
3442 81
3443 94
3444 91
3445 98
3446 96
3447 87
3448 81
3449 90
3450 101
3451 82
3452 90
3453 80
3454 90
3455 64
3456 89
3457 99
3458 69
3459 71
3460 70
3461 98
3462 92
3463 85
3464 79
3465 71
3466 77
3467 80
3468 95
3469 82
3470 91
3471 68
3472 84
3473 106
3474 95
3475 102
3476 83
3477 75
3478 76
3479 100
3480 93
3481 97
3482 86
3483 68
3484 89
3485 62
3486 86
3487 76
3488 78
3489 79
3490 79
3491 82
3492 97
3493 86
3494 68
3495 83
3496 95
3497 70
3498 81
3499 84
3500 71
3501 93
3502 77
3503 91
3504 103
3505 94
3506 83
3507 78
3508 70
3509 96
3510 89
3511 107
3512 66
3513 84
3514 75
3515 85
3516 95
3517 100
3518 75
3519 86
3520 83
3521 88
3522 76
3523 81
3524 86
3525 78
3526 59
3527 92
3528 82
3529 86
3530 70
3531 74
3532 88
3533 82
3534 96
3535 74
3536 91
3537 76
3538 91
3539 82
3540 93
3541 81
3542 80
3543 82
3544 87
3545 92
3546 83
3547 89
3548 79
3549 73
3550 86
3551 82
3552 68
3553 74
3554 64
3555 67
3556 84
3557 85
3558 101
3559 81
3560 68
3561 77
3562 83
3563 76
3564 82
3565 72
3566 89
3567 91
3568 82
3569 84
3570 81
3571 81
3572 99
3573 94
3574 92
3575 85
3576 71
3577 76
3578 83
3579 91
3580 86
3581 82
3582 84
3583 81
3584 77
3585 81
3586 76
3587 83
3588 95
3589 90
3590 70
3591 92
3592 84
3593 87
3594 74
3595 68
3596 68
3597 88
3598 82
3599 95
3600 86
3601 99
3602 74
3603 86
3604 93
3605 88
3606 95
3607 88
3608 70
3609 76
3610 83
3611 82
3612 86
3613 87
3614 94
3615 91
3616 95
3617 98
3618 87
3619 89
3620 99
3621 87
3622 85
3623 84
3624 65
3625 79
3626 71
3627 82
3628 87
3629 98
3630 85
3631 73
3632 77
3633 64
3634 84
3635 90
3636 79
3637 76
3638 84
3639 75
3640 80
3641 76
3642 82
3643 77
3644 75
3645 88
3646 78
3647 82
3648 76
3649 82
3650 63
3651 87
3652 86
3653 86
3654 75
3655 89
3656 88
3657 94
3658 74
3659 83
3660 83
3661 87
3662 73
3663 75
3664 87
3665 83
3666 65
3667 100
3668 73
3669 85
3670 81
3671 68
3672 74
3673 80
3674 104
3675 82
3676 97
3677 74
3678 88
3679 82
3680 64
3681 72
3682 71
3683 72
3684 80
3685 77
3686 73
3687 99
3688 78
3689 85
3690 93
3691 81
3692 77
3693 76
3694 84
3695 80
3696 95
3697 74
3698 75
3699 85
3700 97
3701 81
3702 82
3703 75
3704 76
3705 91
3706 85
3707 81
3708 75
3709 90
3710 78
3711 78
3712 83
3713 84
3714 73
3715 86
3716 102
3717 78
3718 78
3719 87
3720 90
3721 77
3722 71
3723 84
3724 75
3725 57
3726 74
3727 88
3728 77
3729 86
3730 78
3731 72
3732 84
3733 80
3734 76
3735 63
3736 89
3737 102
3738 82
3739 69
3740 59
3741 94
3742 70
3743 83
3744 76
3745 73
3746 68
3747 75
3748 80
3749 96
3750 81
3751 83
3752 94
3753 83
3754 72
3755 73
3756 96
3757 86
3758 61
3759 82
3760 91
3761 91
3762 80
3763 75
3764 94
3765 81
3766 72
3767 86
3768 78
3769 80
3770 74
3771 74
3772 78
3773 81
3774 84
3775 72
3776 70
3777 92
3778 91
3779 91
3780 72
3781 104
3782 73
3783 73
3784 83
3785 88
3786 73
3787 84
3788 70
3789 73
3790 73
3791 81
3792 72
3793 85
3794 68
3795 87
3796 89
3797 75
3798 78
3799 84
3800 100
3801 69
3802 80
3803 86
3804 91
3805 86
3806 75
3807 87
3808 69
3809 82
3810 79
3811 97
3812 87
3813 89
3814 87
3815 65
3816 73
3817 70
3818 77
3819 86
3820 79
3821 72
3822 83
3823 66
3824 58
3825 98
3826 79
3827 76
3828 71
3829 86
3830 84
3831 86
3832 86
3833 94
3834 94
3835 72
3836 99
3837 71
3838 76
3839 82
3840 53
3841 69
3842 76
3843 83
3844 68
3845 77
3846 69
3847 70
3848 72
3849 70
3850 63
3851 67
3852 71
3853 76
3854 77
3855 65
3856 80
3857 83
3858 91
3859 73
3860 70
3861 79
3862 68
3863 73
3864 74
3865 75
3866 61
3867 68
3868 78
3869 87
3870 67
3871 75
3872 66
3873 64
3874 69
3875 74
3876 79
3877 63
3878 80
3879 66
3880 85
3881 69
3882 82
3883 65
3884 76
3885 71
3886 73
3887 79
3888 73
3889 77
3890 82
3891 60
3892 90
3893 59
3894 68
3895 76
3896 70
3897 83
3898 75
3899 65
3900 72
3901 81
3902 95
3903 90
3904 58
3905 76
3906 72
3907 88
3908 84
3909 70
3910 76
3911 72
3912 72
3913 69
3914 80
3915 74
3916 80
3917 77
3918 82
3919 72
3920 86
3921 93
3922 94
3923 83
3924 69
3925 85
3926 82
3927 79
3928 89
3929 80
3930 78
3931 65
3932 77
3933 77
3934 75
3935 71
3936 71
3937 70
3938 70
3939 70
3940 78
3941 67
3942 56
3943 72
3944 65
3945 73
3946 65
3947 86
3948 66
3949 76
3950 72
3951 67
3952 62
3953 68
3954 60
3955 69
3956 58
3957 69
3958 76
3959 64
3960 89
3961 82
3962 69
3963 84
3964 72
3965 70
3966 86
3967 58
3968 72
3969 91
3970 67
3971 78
3972 81
3973 70
3974 64
3975 74
3976 68
3977 81
3978 62
3979 76
3980 91
3981 56
3982 57
3983 69
3984 87
3985 73
3986 82
3987 73
3988 66
3989 65
3990 84
3991 54
3992 64
3993 72
3994 68
3995 58
3996 62
3997 81
3998 71
3999 70
4000 82
4001 67
4002 63
4003 77
4004 50
4005 52
4006 78
4007 60
4008 72
4009 68
4010 64
4011 49
4012 75
4013 72
4014 70
4015 56
4016 78
4017 57
4018 74
4019 62
4020 65
4021 58
4022 72
4023 57
4024 63
4025 60
4026 50
4027 47
4028 63
4029 70
4030 73
4031 73
4032 75
4033 57
4034 63
4035 54
4036 69
4037 75
4038 65
4039 68
4040 63
4041 63
4042 58
4043 54
4044 60
4045 60
4046 45
4047 60
4048 61
4049 73
4050 63
4051 56
4052 76
4053 58
4054 40
4055 44
4056 60
4057 62
4058 65
4059 63
4060 63
4061 76
4062 68
4063 52
4064 54
4065 73
4066 57
4067 64
4068 62
4069 69
4070 58
4071 70
4072 55
4073 58
4074 63
4075 54
4076 55
4077 60
4078 60
4079 55
4080 69
4081 67
4082 63
4083 61
4084 53
4085 54
4086 62
4087 62
4088 66
4089 49
4090 50
4091 69
4092 57
4093 53
4094 59
4095 52
4096 71
4097 59
4098 68
4099 75
4100 67
4101 53
4102 66
4103 57
4104 54
4105 54
4106 60
4107 64
4108 61
4109 63
4110 64
4111 52
4112 65
4113 63
4114 71
4115 70
4116 67
4117 79
4118 63
4119 58
4120 75
4121 73
4122 67
4123 62
4124 67
4125 57
4126 68
4127 60
4128 67
4129 61
4130 62
4131 60
4132 63
4133 60
4134 67
4135 55
4136 61
4137 77
4138 64
4139 68
4140 51
4141 59
4142 64
4143 60
4144 47
4145 57
4146 55
4147 77
4148 72
4149 62
4150 56
4151 67
4152 59
4153 79
4154 61
4155 65
4156 68
4157 59
4158 72
4159 68
4160 64
4161 65
4162 58
4163 54
4164 60
4165 65
4166 69
4167 66
4168 68
4169 59
4170 80
4171 57
4172 61
4173 67
4174 62
4175 52
4176 55
4177 70
4178 66
4179 66
4180 64
4181 55
4182 57
4183 60
4184 51
4185 65
4186 67
4187 46
4188 63
4189 52
4190 54
4191 66
4192 61
4193 53
4194 60
4195 64
4196 52
4197 54
4198 63
4199 71
4200 55
4201 66
4202 66
4203 61
4204 65
4205 69
4206 50
4207 57
4208 83
4209 49
4210 59
4211 64
4212 50
4213 47
4214 66
4215 62
4216 69
4217 52
4218 54
4219 51
4220 59
4221 55
4222 46
4223 54
4224 53
4225 63
4226 69
4227 64
4228 47
4229 56
4230 65
4231 65
4232 47
4233 55
4234 60
4235 38
4236 58
4237 54
4238 58
4239 50
4240 57
4241 56
4242 63
4243 53
4244 62
4245 58
4246 68
4247 60
4248 63
4249 55
4250 70
4251 56
4252 77
4253 62
4254 74
4255 54
4256 69
4257 52
4258 51
4259 61
4260 60
4261 49
4262 48
4263 50
4264 61
4265 46
4266 59
4267 61
4268 50
4269 57
4270 51
4271 55
4272 50
4273 68
4274 61
4275 58
4276 88
4277 54
4278 63
4279 60
4280 61
4281 73
4282 65
4283 60
4284 52
4285 56
4286 59
4287 78
4288 62
4289 58
4290 60
4291 49
4292 51
4293 66
4294 73
4295 54
4296 68
4297 44
4298 48
4299 55
4300 58
4301 47
4302 53
4303 63
4304 72
4305 45
4306 44
4307 59
4308 59
4309 58
4310 60
4311 59
4312 62
4313 61
4314 60
4315 49
4316 53
4317 57
4318 54
4319 50
4320 56
4321 49
4322 57
4323 45
4324 61
4325 50
4326 45
4327 59
4328 59
4329 55
4330 57
4331 50
4332 61
4333 71
4334 40
4335 37
4336 64
4337 54
4338 52
4339 57
4340 52
4341 58
4342 60
4343 60
4344 50
4345 56
4346 57
4347 58
4348 45
4349 54
4350 56
4351 59
4352 56
4353 50
4354 49
4355 50
4356 48
4357 45
4358 58
4359 54
4360 43
4361 42
4362 65
4363 66
4364 53
4365 40
4366 63
4367 51
4368 49
4369 61
4370 46
4371 38
4372 65
4373 48
4374 53
4375 42
4376 51
4377 55
4378 53
4379 42
4380 59
4381 59
4382 41
4383 49
4384 60
4385 48
4386 47
4387 49
4388 49
4389 46
4390 39
4391 46
4392 61
4393 40
4394 60
4395 55
4396 46
4397 41
4398 45
4399 54
4400 62
4401 46
4402 49
4403 56
4404 50
4405 35
4406 68
4407 53
4408 62
4409 48
4410 50
4411 49
4412 62
4413 74
4414 60
4415 55
4416 53
4417 49
4418 42
4419 46
4420 57
4421 51
4422 55
4423 52
4424 51
4425 66
4426 50
4427 62
4428 47
4429 60
4430 56
4431 40
4432 53
4433 49
4434 42
4435 56
4436 54
4437 44
4438 55
4439 58
4440 48
4441 42
4442 53
4443 54
4444 46
4445 43
4446 50
4447 38
4448 57
4449 59
4450 54
4451 55
4452 61
4453 46
4454 55
4455 54
4456 46
4457 58
4458 55
4459 52
4460 48
4461 56
4462 51
4463 41
4464 47
4465 44
4466 45
4467 35
4468 53
4469 43
4470 58
4471 41
4472 51
4473 42
4474 53
4475 40
4476 54
4477 32
4478 41
4479 52
4480 63
4481 51
4482 53
4483 56
4484 41
4485 50
4486 41
4487 52
4488 55
4489 59
4490 38
4491 43
4492 49
4493 39
4494 49
4495 60
4496 54
4497 39
4498 46
4499 51
4500 45
4501 54
4502 35
4503 42
4504 51
4505 47
4506 45
4507 36
4508 54
4509 62
4510 53
4511 54
4512 43
4513 39
4514 36
4515 47
4516 48
4517 38
4518 31
4519 42
4520 54
4521 39
4522 60
4523 39
4524 60
4525 54
4526 50
4527 51
4528 39
4529 59
4530 44
4531 48
4532 39
4533 47
4534 53
4535 35
4536 42
4537 44
4538 31
4539 42
4540 53
4541 42
4542 47
4543 43
4544 45
4545 35
4546 49
4547 37
4548 55
4549 50
4550 51
4551 44
4552 40
4553 33
4554 39
4555 57
4556 44
4557 40
4558 42
4559 38
4560 39
4561 45
4562 41
4563 45
4564 42
4565 48
4566 53
4567 51
4568 44
4569 28
4570 52
4571 53
4572 52
4573 42
4574 43
4575 41
4576 40
4577 46
4578 44
4579 47
4580 48
4581 46
4582 42
4583 43
4584 41
4585 33
4586 41
4587 54
4588 38
4589 42
4590 53
4591 47
4592 65
4593 38
4594 40
4595 45
4596 54
4597 55
4598 47
4599 50
4600 38
4601 50
4602 37
4603 54
4604 51
4605 36
4606 33
4607 53
4608 43
4609 27
4610 44
4611 37
4612 33
4613 38
4614 33
4615 42
4616 37
4617 35
4618 44
4619 38
4620 48
4621 37
4622 45
4623 47
4624 42
4625 43
4626 32
4627 41
4628 47
4629 33
4630 33
4631 45
4632 35
4633 33
4634 36
4635 61
4636 37
4637 34
4638 44
4639 40
4640 46
4641 48
4642 40
4643 39
4644 44
4645 33
4646 30
4647 29
4648 34
4649 43
4650 38
4651 49
4652 45
4653 38
4654 38
4655 42
4656 35
4657 39
4658 50
4659 32
4660 40
4661 47
4662 54
4663 41
4664 52
4665 47
4666 38
4667 55
4668 58
4669 49
4670 33
4671 26
4672 35
4673 37
4674 34
4675 39
4676 36
4677 39
4678 45
4679 39
4680 30
4681 25
4682 43
4683 36
4684 41
4685 46
4686 35
4687 57
4688 39
4689 38
4690 44
4691 38
4692 40
4693 42
4694 40
4695 28
4696 38
4697 45
4698 51
4699 51
4700 35
4701 39
4702 40
4703 31
4704 36
4705 29
4706 39
4707 48
4708 34
4709 44
4710 31
4711 40
4712 42
4713 35
4714 45
4715 37
4716 32
4717 44
4718 51
4719 35
4720 37
4721 44
4722 44
4723 40
4724 40
4725 46
4726 38
4727 28
4728 45
4729 35
4730 36
4731 39
4732 36
4733 50
4734 41
4735 36
4736 45
4737 42
4738 45
4739 37
4740 35
4741 42
4742 47
4743 53
4744 38
4745 44
4746 42
4747 35
4748 32
4749 31
4750 40
4751 35
4752 32
4753 41
4754 33
4755 42
4756 35
4757 41
4758 32
4759 24
4760 46
4761 38
4762 38
4763 43
4764 39
4765 45
4766 29
4767 39
4768 36
4769 41
4770 49
4771 41
4772 41
4773 25
4774 39
4775 39
4776 33
4777 37
4778 42
4779 37
4780 41
4781 45
4782 38
4783 38
4784 25
4785 38
4786 33
4787 50
4788 40
4789 31
4790 39
4791 35
4792 34
4793 31
4794 42
4795 39
4796 40
4797 36
4798 28
4799 37
4800 35
4801 29
4802 40
4803 33
4804 43
4805 43
4806 38
4807 42
4808 37
4809 36
4810 35
4811 35
4812 39
4813 24
4814 47
4815 37
4816 29
4817 36
4818 38
4819 33
4820 38
4821 50
4822 45
4823 43
4824 31
4825 38
4826 38
4827 38
4828 42
4829 41
4830 26
4831 39
4832 39
4833 42
4834 29
4835 28
4836 36
4837 34
4838 32
4839 42
4840 35
4841 31
4842 28
4843 33
4844 29
4845 26
4846 47
4847 46
4848 38
4849 31
4850 42
4851 37
4852 34
4853 26
4854 51
4855 25
4856 27
4857 29
4858 37
4859 43
4860 38
4861 32
4862 23
4863 33
4864 37
4865 36
4866 29
4867 48
4868 36
4869 37
4870 31
4871 38
4872 35
4873 45
4874 40
4875 34
4876 33
4877 40
4878 26
4879 35
4880 40
4881 53
4882 28
4883 39
4884 26
4885 35
4886 32
4887 35
4888 39
4889 39
4890 32
4891 40
4892 38
4893 27
4894 37
4895 37
4896 36
4897 31
4898 34
4899 48
4900 21
4901 33
4902 38
4903 32
4904 43
4905 32
4906 27
4907 36
4908 37
4909 25
4910 32
4911 34
4912 35
4913 39
4914 36
4915 47
4916 32
4917 35
4918 38
4919 29
4920 32
4921 48
4922 38
4923 34
4924 42
4925 39
4926 34
4927 25
4928 35
4929 30
4930 34
4931 30
4932 26
4933 35
4934 28
4935 44
4936 40
4937 43
4938 25
4939 30
4940 38
4941 23
4942 35
4943 38
4944 36
4945 30
4946 29
4947 41
4948 45
4949 30
4950 29
4951 33
4952 37
4953 33
4954 36
4955 35
4956 25
4957 29
4958 35
4959 37
4960 41
4961 36
4962 28
4963 25
4964 23
4965 33
4966 41
4967 30
4968 36
4969 39
4970 41
4971 38
4972 49
4973 36
4974 31
4975 28
4976 34
4977 30
4978 36
4979 38
4980 36
4981 28
4982 26
4983 25
4984 28
4985 28
4986 34
4987 28
4988 30
4989 27
4990 29
4991 40
4992 30
4993 29
4994 32
4995 29
4996 36
4997 32
4998 30
4999 40
5000 33
5001 33
5002 34
5003 29
5004 33
5005 43
5006 41
5007 31
5008 37
5009 29
5010 31
5011 26
5012 37
5013 26
5014 46
5015 38
5016 36
5017 33
5018 34
5019 29
5020 28
5021 39
5022 34
5023 38
5024 32
5025 32
5026 26
5027 32
5028 33
5029 29
5030 26
5031 38
5032 32
5033 35
5034 29
5035 20
5036 40
5037 37
5038 27
5039 36
5040 24
5041 32
5042 37
5043 32
5044 42
5045 34
5046 35
5047 22
5048 38
5049 38
5050 40
5051 32
5052 40
5053 26
5054 24
5055 26
5056 42
5057 23
5058 41
5059 42
5060 33
5061 20
5062 43
5063 34
5064 28
5065 31
5066 39
5067 29
5068 28
5069 28
5070 33
5071 26
5072 30
5073 41
5074 36
5075 29
5076 42
5077 34
5078 33
5079 21
5080 36
5081 28
5082 28
5083 23
5084 35
5085 37
5086 23
5087 32
5088 32
5089 31
5090 35
5091 22
5092 29
5093 28
5094 27
5095 36
5096 30
5097 17
5098 30
5099 39
5100 28
5101 27
5102 30
5103 31
5104 37
5105 26
5106 39
5107 34
5108 23
5109 21
5110 22
5111 31
5112 36
5113 26
5114 31
5115 37
5116 30
5117 23
5118 33
5119 27
5120 28
5121 32
5122 32
5123 25
5124 31
5125 27
5126 26
5127 38
5128 28
5129 22
5130 25
5131 38
5132 19
5133 38
5134 26
5135 32
5136 27
5137 42
5138 40
5139 37
5140 28
5141 22
5142 29
5143 34
5144 45
5145 31
5146 29
5147 33
5148 28
5149 17
5150 33
5151 24
5152 25
5153 33
5154 42
5155 34
5156 34
5157 29
5158 28
5159 31
5160 30
5161 28
5162 26
5163 29
5164 38
5165 26
5166 34
5167 35
5168 33
5169 35
5170 26
5171 34
5172 26
5173 29
5174 36
5175 32
5176 25
5177 32
5178 20
5179 39
5180 36
5181 33
5182 30
5183 28
5184 28
5185 29
5186 39
5187 22
5188 30
5189 31
5190 27
5191 32
5192 38
5193 38
5194 34
5195 21
5196 22
5197 34
5198 41
5199 34
5200 37
5201 26
5202 35
5203 24
5204 30
5205 32
5206 31
5207 36
5208 23
5209 33
5210 22
5211 33
5212 30
5213 23
5214 31
5215 34
5216 38
5217 27
5218 34
5219 32
5220 25
5221 27
5222 32
5223 32
5224 28
5225 35
5226 40
5227 33
5228 22
5229 29
5230 21
5231 31
5232 34
5233 25
5234 35
5235 37
5236 30
5237 27
5238 34
5239 30
5240 26
5241 33
5242 32
5243 29
5244 34
5245 29
5246 36
5247 27
5248 20
5249 31
5250 38
5251 28
5252 29
5253 36
5254 25
5255 30
5256 24
5257 30
5258 29
5259 26
5260 33
5261 35
5262 29
5263 38
5264 36
5265 29
5266 40
5267 37
5268 26
5269 32
5270 30
5271 24
5272 34
5273 32
5274 29
5275 24
5276 36
5277 31
5278 37
5279 32
5280 34
5281 37
5282 27
5283 29
5284 24
5285 32
5286 23
5287 32
5288 34
5289 23
5290 18
5291 21
5292 28
5293 28
5294 30
5295 25
5296 31
5297 21
5298 33
5299 26
5300 34
5301 22
5302 32
5303 41
5304 29
5305 27
5306 29
5307 26
5308 34
5309 28
5310 32
5311 21
5312 31
5313 24
5314 26
5315 24
5316 27
5317 44
5318 31
5319 28
5320 27
5321 29
5322 33
5323 18
5324 32
5325 30
5326 31
5327 37
5328 27
5329 28
5330 32
5331 31
5332 32
5333 30
5334 28
5335 35
5336 25
5337 31
5338 37
5339 30
5340 28
5341 28
5342 31
5343 30
5344 26
5345 31
5346 26
5347 36
5348 26
5349 31
5350 28
5351 31
5352 36
5353 30
5354 31
5355 31
5356 33
5357 31
5358 27
5359 34
5360 28
5361 35
5362 29
5363 35
5364 28
5365 36
5366 28
5367 32
5368 32
5369 29
5370 33
5371 33
5372 31
5373 34
5374 24
5375 40
5376 25
5377 27
5378 23
5379 25
5380 25
5381 24
5382 26
5383 33
5384 28
5385 33
5386 23
5387 23
5388 31
5389 31
5390 22
5391 25
5392 38
5393 29
5394 30
5395 44
5396 23
5397 28
5398 30
5399 29
5400 32
5401 30
5402 28
5403 27
5404 40
5405 31
5406 30
5407 23
5408 27
5409 18
5410 28
5411 29
5412 23
5413 22
5414 23
5415 36
5416 20
5417 33
5418 33
5419 32
5420 25
5421 29
5422 33
5423 31
5424 28
5425 37
5426 22
5427 32
5428 28
5429 17
5430 35
5431 26
5432 27
5433 26
5434 27
5435 24
5436 33
5437 29
5438 25
5439 37
5440 22
5441 32
5442 30
5443 32
5444 30
5445 23
5446 34
5447 31
5448 28
5449 33
5450 27
5451 36
5452 36
5453 30
5454 31
5455 38
5456 35
5457 30
5458 29
5459 24
5460 26
5461 32
5462 17
5463 35
5464 30
5465 18
5466 26
5467 28
5468 23
5469 21
5470 22
5471 26
5472 28
5473 28
5474 28
5475 29
5476 26
5477 24
5478 20
5479 25
5480 31
5481 38
5482 31
5483 26
5484 18
5485 32
5486 26
5487 20
5488 28
5489 23
5490 22
5491 26
5492 24
5493 34
5494 30
5495 24
5496 19
5497 27
5498 30
5499 21
5500 29
5501 31
5502 26
5503 18
5504 21
5505 30
5506 18
5507 30
5508 17
5509 25
5510 28
5511 15
5512 23
5513 25
5514 28
5515 25
5516 19
5517 26
5518 27
5519 27
5520 29
5521 26
5522 21
5523 24
5524 28
5525 30
5526 31
5527 34
5528 23
5529 29
5530 32
5531 34
5532 29
5533 35
5534 23
5535 21
5536 17
5537 31
5538 22
5539 25
5540 33
5541 22
5542 29
5543 23
5544 29
5545 21
5546 18
5547 33
5548 22
5549 31
5550 17
5551 19
5552 21
5553 27
5554 36
5555 18
5556 20
5557 34
5558 23
5559 27
5560 33
5561 23
5562 25
5563 22
5564 29
5565 26
5566 31
5567 23
5568 32
5569 20
5570 20
5571 27
5572 24
5573 30
5574 25
5575 24
5576 18
5577 28
5578 25
5579 21
5580 32
5581 26
5582 24
5583 25
5584 21
5585 28
5586 25
5587 22
5588 30
5589 23
5590 31
5591 27
5592 32
5593 19
5594 28
5595 30
5596 27
5597 15
5598 22
5599 23
5600 22
5601 22
5602 18
5603 24
5604 30
5605 36
5606 20
5607 26
5608 24
5609 32
5610 25
5611 29
5612 22
5613 20
5614 26
5615 25
5616 18
5617 21
5618 18
5619 30
5620 29
5621 26
5622 24
5623 26
5624 20
5625 30
5626 21
5627 30
5628 26
5629 28
5630 26
5631 22
5632 29
5633 21
5634 26
5635 22
5636 29
5637 30
5638 22
5639 23
5640 29
5641 26
5642 27
5643 24
5644 33
5645 22
5646 26
5647 33
5648 29
5649 26
5650 21
5651 27
5652 20
5653 36
5654 25
5655 16
5656 36
5657 20
5658 30
5659 27
5660 24
5661 28
5662 14
5663 20
5664 18
5665 23
5666 22
5667 25
5668 26
5669 24
5670 21
5671 25
5672 26
5673 19
5674 45
5675 27
5676 28
5677 22
5678 17
5679 31
5680 25
5681 21
5682 36
5683 21
5684 28
5685 30
5686 25
5687 22
5688 14
5689 22
5690 28
5691 23
5692 23
5693 31
5694 30
5695 27
5696 18
5697 21
5698 18
5699 26
5700 26
5701 26
5702 20
5703 26
5704 17
5705 32
5706 16
5707 23
5708 24
5709 22
5710 19
5711 32
5712 31
5713 38
5714 26
5715 17
5716 25
5717 26
5718 11
5719 22
5720 26
5721 28
5722 21
5723 20
5724 18
5725 25
5726 22
5727 30
5728 32
5729 19
5730 21
5731 20
5732 27
5733 33
5734 24
5735 28
5736 22
5737 28
5738 21
5739 16
5740 15
5741 26
5742 30
5743 19
5744 22
5745 27
5746 23
5747 24
5748 21
5749 19
5750 22
5751 35
5752 25
5753 18
5754 13
5755 25
5756 21
5757 23
5758 16
5759 17
5760 36
5761 32
5762 25
5763 31
5764 27
5765 33
5766 28
5767 31
5768 17
5769 25
5770 22
5771 19
5772 27
5773 27
5774 31
5775 24
5776 32
5777 23
5778 31
5779 37
5780 33
5781 22
5782 22
5783 33
5784 25
5785 20
5786 34
5787 23
5788 27
5789 19
5790 28
5791 27
5792 22
5793 29
5794 22
5795 27
5796 25
5797 23
5798 24
5799 36
5800 30
5801 38
5802 23
5803 23
5804 26
5805 22
5806 32
5807 30
5808 32
5809 16
5810 29
5811 24
5812 28
5813 23
5814 20
5815 20
5816 22
5817 25
5818 27
5819 20
5820 21
5821 22
5822 42
5823 21
5824 30
5825 20
5826 18
5827 29
5828 30
5829 24
5830 28
5831 29
5832 27
5833 24
5834 18
5835 28
5836 28
5837 24
5838 23
5839 22
5840 26
5841 27
5842 20
5843 25
5844 17
5845 22
5846 25
5847 39
5848 32
5849 26
5850 24
5851 23
5852 34
5853 29
5854 25
5855 23
5856 24
5857 19
5858 29
5859 18
5860 15
5861 29
5862 26
5863 17
5864 27
5865 28
5866 17
5867 22
5868 16
5869 11
5870 20
5871 19
5872 30
5873 21
5874 23
5875 17
5876 18
5877 24
5878 23
5879 24
5880 33
5881 29
5882 33
5883 18
5884 18
5885 21
5886 18
5887 26
5888 30
5889 21
5890 19
5891 23
5892 25
5893 22
5894 17
5895 25
5896 29
5897 22
5898 21
5899 20
5900 22
5901 36
5902 24
5903 26
5904 19
5905 33
5906 23
5907 24
5908 26
5909 26
5910 29
5911 23
5912 17
5913 15
5914 27
5915 26
5916 18
5917 25
5918 29
5919 24
5920 22
5921 27
5922 20
5923 22
5924 24
5925 16
5926 32
5927 28
5928 29
5929 25
5930 25
5931 26
5932 27
5933 18
5934 26
5935 27
5936 24
5937 18
5938 20
5939 20
5940 26
5941 21
5942 10
5943 23
5944 22
5945 33
5946 21
5947 23
5948 24
5949 21
5950 23
5951 19
5952 16
5953 28
5954 23
5955 28
5956 19
5957 15
5958 25
5959 31
5960 24
5961 28
5962 24
5963 15
5964 20
5965 22
5966 23
5967 26
5968 17
5969 28
5970 22
5971 23
5972 20
5973 16
5974 26
5975 31
5976 28
5977 27
5978 19
5979 20
5980 22
5981 22
5982 28
5983 18
5984 25
5985 15
5986 25
5987 23
5988 25
5989 8
5990 23
5991 26
5992 20
5993 26
5994 18
5995 23
5996 24
5997 29
5998 12
5999 21
6000 23
6001 25
6002 20
6003 15
6004 27
6005 17
6006 22
6007 28
6008 27
6009 21
6010 26
6011 24
6012 29
6013 16
6014 17
6015 21
6016 24
6017 20
6018 22
6019 25
6020 28
6021 22
6022 19
6023 23
6024 19
6025 24
6026 18
6027 19
6028 30
6029 25
6030 23
6031 22
6032 20
6033 28
6034 22
6035 26
6036 23
6037 34
6038 24
6039 27
6040 22
6041 19
6042 21
6043 27
6044 23
6045 25
6046 22
6047 34
6048 23
6049 24
6050 23
6051 20
6052 23
6053 22
6054 23
6055 20
6056 27
6057 18
6058 24
6059 20
6060 24
6061 26
6062 16
6063 25
6064 22
6065 18
6066 24
6067 31
6068 23
6069 25
6070 20
6071 23
6072 18
6073 18
6074 17
6075 22
6076 23
6077 25
6078 27
6079 20
6080 18
6081 19
6082 21
6083 25
6084 23
6085 30
6086 25
6087 26
6088 21
6089 38
6090 23
6091 26
6092 29
6093 19
6094 25
6095 32
6096 27
6097 34
6098 21
6099 18
6100 20
6101 18
6102 16
6103 26
6104 24
6105 14
6106 30
6107 30
6108 15
6109 23
6110 20
6111 16
6112 15
6113 26
6114 27
6115 20
6116 16
6117 22
6118 26
6119 17
6120 18
6121 24
6122 26
6123 15
6124 20
6125 24
6126 24
6127 14
6128 21
6129 20
6130 19
6131 23
6132 26
6133 27
6134 14
6135 25
6136 28
6137 18
6138 25
6139 15
6140 15
6141 22
6142 36
6143 22
6144 24
6145 25
6146 19
6147 22
6148 26
6149 23
6150 28
6151 31
6152 23
6153 22
6154 17
6155 21
6156 20
6157 27
6158 22
6159 31
6160 22
6161 26
6162 22
6163 24
6164 34
6165 20
6166 32
6167 23
6168 18
6169 23
6170 16
6171 27
6172 30
6173 31
6174 20
6175 22
6176 17
6177 17
6178 18
6179 30
6180 27
6181 19
6182 15
6183 14
6184 34
6185 25
6186 16
6187 26
6188 14
6189 17
6190 27
6191 18
6192 16
6193 21
6194 33
6195 20
6196 23
6197 22
6198 20
6199 16
6200 18
6201 22
6202 21
6203 26
6204 15
6205 17
6206 17
6207 16
6208 18
6209 28
6210 19
6211 22
6212 23
6213 24
6214 21
6215 32
6216 24
6217 14
6218 24
6219 15
6220 21
6221 24
6222 23
6223 25
6224 19
6225 21
6226 25
6227 23
6228 31
6229 15
6230 28
6231 18
6232 17
6233 15
6234 30
6235 16
6236 15
6237 21
6238 17
6239 12
6240 20
6241 23
6242 24
6243 19
6244 17
6245 25
6246 16
6247 20
6248 15
6249 21
6250 23
6251 22
6252 19
6253 20
6254 22
6255 26
6256 19
6257 18
6258 27
6259 19
6260 18
6261 24
6262 21
6263 25
6264 27
6265 18
6266 25
6267 21
6268 24
6269 25
6270 13
6271 22
6272 25
6273 28
6274 23
6275 23
6276 18
6277 20
6278 30
6279 17
6280 27
6281 21
6282 21
6283 16
6284 15
6285 18
6286 20
6287 22
6288 32
6289 17
6290 19
6291 13
6292 30
6293 24
6294 21
6295 25
6296 21
6297 23
6298 22
6299 19
6300 24
6301 19
6302 25
6303 12
6304 16
6305 27
6306 22
6307 19
6308 21
6309 19
6310 13
6311 16
6312 27
6313 15
6314 11
6315 13
6316 24
6317 21
6318 19
6319 21
6320 14
6321 17
6322 17
6323 23
6324 16
6325 19
6326 14
6327 22
6328 12
6329 23
6330 26
6331 26
6332 25
6333 25
6334 14
6335 18
6336 25
6337 14
6338 18
6339 24
6340 25
6341 23
6342 20
6343 19
6344 27
6345 19
6346 24
6347 17
6348 9
6349 18
6350 26
6351 26
6352 18
6353 25
6354 10
6355 19
6356 21
6357 14
6358 17
6359 18
6360 25
6361 17
6362 15
6363 24
6364 21
6365 29
6366 19
6367 13
6368 27
6369 24
6370 13
6371 16
6372 26
6373 25
6374 25
6375 22
6376 19
6377 27
6378 17
6379 16
6380 18
6381 21
6382 18
6383 24
6384 15
6385 22
6386 13
6387 21
6388 16
6389 10
6390 19
6391 22
6392 21
6393 21
6394 20
6395 22
6396 18
6397 24
6398 26
6399 21
6400 19
6401 15
6402 19
6403 18
6404 15
6405 21
6406 16
6407 13
6408 17
6409 20
6410 22
6411 23
6412 17
6413 16
6414 12
6415 17
6416 25
6417 12
6418 19
6419 15
6420 26
6421 16
6422 20
6423 15
6424 17
6425 14
6426 14
6427 15
6428 16
6429 23
6430 13
6431 18
6432 20
6433 29
6434 18
6435 20
6436 14
6437 13
6438 24
6439 20
6440 13
6441 12
6442 18
6443 21
6444 15
6445 26
6446 23
6447 21
6448 24
6449 18
6450 19
6451 18
6452 18
6453 27
6454 16
6455 15
6456 15
6457 12
6458 24
6459 25
6460 28
6461 27
6462 22
6463 23
6464 14
6465 23
6466 17
6467 22
6468 23
6469 17
6470 16
6471 12
6472 19
6473 32
6474 22
6475 22
6476 13
6477 19
6478 20
6479 16
6480 16
6481 23
6482 14
6483 20
6484 27
6485 29
6486 23
6487 15
6488 22
6489 21
6490 13
6491 16
6492 24
6493 18
6494 11
6495 14
6496 23
6497 13
6498 18
6499 20
6500 19
6501 22
6502 19
6503 19
6504 16
6505 17
6506 16
6507 20
6508 20
6509 10
6510 14
6511 17
6512 17
6513 19
6514 17
6515 19
6516 24
6517 17
6518 15
6519 12
6520 19
6521 24
6522 23
6523 19
6524 20
6525 17
6526 31
6527 17
6528 29
6529 15
6530 17
6531 14
6532 21
6533 19
6534 23
6535 20
6536 17
6537 11
6538 18
6539 14
6540 23
6541 19
6542 19
6543 20
6544 16
6545 12
6546 24
6547 13
6548 25
6549 17
6550 20
6551 25
6552 15
6553 19
6554 24
6555 14
6556 20
6557 18
6558 20
6559 20
6560 24
6561 11
6562 21
6563 18
6564 22
6565 21
6566 20
6567 19
6568 9
6569 19
6570 14
6571 17
6572 13
6573 13
6574 16
6575 24
6576 22
6577 17
6578 22
6579 18
6580 27
6581 21
6582 28
6583 16
6584 26
6585 18
6586 12
6587 23
6588 14
6589 17
6590 21
6591 22
6592 20
6593 17
6594 22
6595 17
6596 23
6597 14
6598 22
6599 24
6600 22
6601 16
6602 18
6603 25
6604 19
6605 28
6606 28
6607 23
6608 18
6609 11
6610 18
6611 27
6612 13
6613 15
6614 22
6615 28
6616 21
6617 19
6618 26
6619 14
6620 19
6621 14
6622 19
6623 10
6624 19
6625 15
6626 21
6627 25
6628 15
6629 17
6630 12
6631 17
6632 18
6633 30
6634 26
6635 11
6636 20
6637 17
6638 15
6639 22
6640 20
6641 29
6642 18
6643 20
6644 19
6645 20
6646 17
6647 22
6648 17
6649 19
6650 17
6651 23
6652 23
6653 17
6654 20
6655 22
6656 27
6657 18
6658 25
6659 18
6660 28
6661 20
6662 20
6663 19
6664 17
6665 19
6666 28
6667 23
6668 17
6669 20
6670 19
6671 23
6672 23
6673 12
6674 19
6675 18
6676 15
6677 19
6678 17
6679 20
6680 23
6681 22
6682 14
6683 16
6684 18
6685 28
6686 24
6687 18
6688 25
6689 24
6690 15
6691 22
6692 19
6693 29
6694 20
6695 18
6696 22
6697 12
6698 18
6699 15
6700 25
6701 26
6702 23
6703 15
6704 26
6705 20
6706 10
6707 23
6708 24
6709 18
6710 27
6711 20
6712 23
6713 28
6714 19
6715 27
6716 12
6717 18
6718 20
6719 28
6720 22
6721 23
6722 26
6723 23
6724 19
6725 25
6726 19
6727 22
6728 12
6729 22
6730 20
6731 22
6732 18
6733 12
6734 16
6735 15
6736 28
6737 16
6738 21
6739 21
6740 28
6741 21
6742 15
6743 13
6744 18
6745 19
6746 20
6747 19
6748 22
6749 19
6750 20
6751 14
6752 16
6753 17
6754 31
6755 32
6756 14
6757 16
6758 25
6759 13
6760 22
6761 16
6762 19
6763 20
6764 15
6765 19
6766 13
6767 19
6768 23
6769 11
6770 16
6771 13
6772 18
6773 10
6774 19
6775 14
6776 12
6777 11
6778 21
6779 27
6780 24
6781 27
6782 17
6783 16
6784 22
6785 12
6786 18
6787 18
6788 15
6789 23
6790 20
6791 15
6792 19
6793 19
6794 27
6795 16
6796 18
6797 15
6798 27
6799 17
6800 24
6801 13
6802 24
6803 22
6804 23
6805 19
6806 17
6807 9
6808 18
6809 17
6810 20
6811 14
6812 17
6813 17
6814 14
6815 25
6816 19
6817 20
6818 15
6819 14
6820 14
6821 24
6822 14
6823 18
6824 23
6825 30
6826 18
6827 22
6828 26
6829 15
6830 20
6831 22
6832 16
6833 16
6834 19
6835 20
6836 16
6837 15
6838 22
6839 18
6840 22
6841 16
6842 16
6843 29
6844 27
6845 33
6846 21
6847 27
6848 19
6849 15
6850 19
6851 12
6852 19
6853 22
6854 20
6855 17
6856 23
6857 16
6858 21
6859 19
6860 17
6861 17
6862 21
6863 15
6864 17
6865 21
6866 16
6867 22
6868 16
6869 17
6870 21
6871 21
6872 13
6873 17
6874 23
6875 20
6876 11
6877 20
6878 19
6879 18
6880 18
6881 30
6882 16
6883 25
6884 19
6885 16
6886 15
6887 15
6888 25
6889 20
6890 17
6891 15
6892 15
6893 16
6894 17
6895 29
6896 21
6897 18
6898 24
6899 15
6900 13
6901 29
6902 22
6903 14
6904 17
6905 13
6906 18
6907 27
6908 22
6909 27
6910 27
6911 16
6912 28
6913 13
6914 34
6915 22
6916 15
6917 32
6918 20
6919 15
6920 19
6921 20
6922 17
6923 14
6924 15
6925 16
6926 23
6927 14
6928 18
6929 18
6930 20
6931 17
6932 17
6933 27
6934 20
6935 25
6936 18
6937 17
6938 22
6939 19
6940 23
6941 29
6942 18
6943 25
6944 23
6945 21
6946 24
6947 19
6948 21
6949 18
6950 18
6951 16
6952 20
6953 22
6954 25
6955 12
6956 19
6957 14
6958 16
6959 25
6960 27
6961 15
6962 18
6963 14
6964 30
6965 27
6966 22
6967 27
6968 19
6969 23
6970 22
6971 13
6972 28
6973 29
6974 16
6975 23
6976 21
6977 14
6978 20
6979 17
6980 25
6981 19
6982 28
6983 25
6984 21
6985 18
6986 24
6987 20
6988 21
6989 19
6990 14
6991 34
6992 20
6993 15
6994 19
6995 28
6996 22
6997 26
6998 21
6999 18
7000 16
7001 29
7002 20
7003 22
7004 22
7005 15
7006 24
7007 15
7008 27
7009 23
7010 18
7011 15
7012 21
7013 22
7014 21
7015 26
7016 26
7017 16
7018 13
7019 21
7020 18
7021 21
7022 22
7023 21
7024 29
7025 29
7026 20
7027 26
7028 16
7029 19
7030 16
7031 24
7032 19
7033 21
7034 22
7035 28
7036 26
7037 22
7038 14
7039 22
7040 29
7041 19
7042 18
7043 26
7044 21
7045 18
7046 18
7047 18
7048 21
7049 25
7050 24
7051 25
7052 16
7053 34
7054 16
7055 22
7056 30
7057 14
7058 13
7059 21
7060 21
7061 9
7062 23
7063 21
7064 15
7065 22
7066 18
7067 17
7068 18
7069 35
7070 15
7071 21
7072 21
7073 28
7074 24
7075 18
7076 12
7077 19
7078 21
7079 19
7080 27
7081 25
7082 22
7083 18
7084 21
7085 23
7086 20
7087 21
7088 17
7089 24
7090 12
7091 13
7092 16
7093 22
7094 24
7095 26
7096 24
7097 23
7098 17
7099 22
7100 22
7101 24
7102 25
7103 23
7104 26
7105 16
7106 16
7107 24
7108 14
7109 35
7110 21
7111 23
7112 24
7113 36
7114 17
7115 30
7116 24
7117 30
7118 21
7119 23
7120 30
7121 19
7122 32
7123 24
7124 23
7125 23
7126 28
7127 27
7128 16
7129 26
7130 17
7131 19
7132 23
7133 24
7134 25
7135 18
7136 16
7137 25
7138 19
7139 21
7140 21
7141 15
7142 30
7143 23
7144 21
7145 22
7146 24
7147 26
7148 21
7149 21
7150 27
7151 23
7152 31
7153 16
7154 23
7155 25
7156 22
7157 27
7158 22
7159 26
7160 25
7161 28
7162 22
7163 21
7164 27
7165 29
7166 22
7167 24
7168 14
7169 16
7170 19
7171 25
7172 22
7173 19
7174 26
7175 16
7176 20
7177 32
7178 30
7179 32
7180 34
7181 18
7182 30
7183 27
7184 26
7185 21
7186 19
7187 22
7188 23
7189 20
7190 20
7191 23
7192 24
7193 30
7194 21
7195 31
7196 18
7197 20
7198 26
7199 27
7200 23
7201 19
7202 34
7203 22
7204 29
7205 32
7206 30
7207 27
7208 25
7209 27
7210 25
7211 35
7212 29
7213 26
7214 33
7215 30
7216 19
7217 28
7218 27
7219 31
7220 22
7221 23
7222 22
7223 21
7224 30
7225 26
7226 28
7227 24
7228 23
7229 15
7230 23
7231 14
7232 25
7233 21
7234 25
7235 18
7236 20
7237 18
7238 21
7239 23
7240 21
7241 34
7242 22
7243 20
7244 23
7245 19
7246 16
7247 38
7248 21
7249 25
7250 20
7251 20
7252 19
7253 31
7254 20
7255 29
7256 24
7257 28
7258 24
7259 28
7260 26
7261 32
7262 32
7263 20
7264 17
7265 25
7266 22
7267 21
7268 20
7269 26
7270 30
7271 31
7272 28
7273 22
7274 21
7275 26
7276 22
7277 27
7278 27
7279 28
7280 26
7281 24
7282 29
7283 22
7284 19
7285 26
7286 32
7287 21
7288 26
7289 20
7290 29
7291 22
7292 25
7293 18
7294 15
7295 22
7296 26
7297 24
7298 26
7299 27
7300 24
7301 24
7302 30
7303 23
7304 24
7305 30
7306 32
7307 20
7308 23
7309 23
7310 24
7311 18
7312 28
7313 25
7314 27
7315 19
7316 25
7317 20
7318 24
7319 27
7320 24
7321 25
7322 30
7323 30
7324 30
7325 23
7326 31
7327 17
7328 36
7329 31
7330 29
7331 22
7332 29
7333 24
7334 36
7335 25
7336 25
7337 20
7338 23
7339 29
7340 28
7341 23
7342 21
7343 21
7344 19
7345 19
7346 22
7347 22
7348 30
7349 22
7350 14
7351 26
7352 17
7353 31
7354 28
7355 22
7356 33
7357 17
7358 19
7359 20
7360 25
7361 24
7362 15
7363 31
7364 24
7365 22
7366 29
7367 25
7368 30
7369 22
7370 34
7371 24
7372 28
7373 23
7374 23
7375 24
7376 20
7377 30
7378 25
7379 20
7380 31
7381 23
7382 20
7383 16
7384 31
7385 20
7386 27
7387 21
7388 28
7389 27
7390 26
7391 25
7392 16
7393 29
7394 23
7395 15
7396 25
7397 34
7398 26
7399 17
7400 27
7401 24
7402 28
7403 32
7404 33
7405 29
7406 20
7407 34
7408 19
7409 25
7410 30
7411 19
7412 20
7413 16
7414 27
7415 25
7416 17
7417 27
7418 28
7419 36
7420 28
7421 29
7422 22
7423 22
7424 22
7425 36
7426 31
7427 32
7428 34
7429 22
7430 22
7431 26
7432 20
7433 28
7434 24
7435 27
7436 27
7437 28
7438 32
7439 26
7440 28
7441 24
7442 24
7443 23
7444 25
7445 20
7446 32
7447 30
7448 25
7449 32
7450 23
7451 25
7452 23
7453 30
7454 29
7455 20
7456 27
7457 30
7458 18
7459 24
7460 23
7461 33
7462 22
7463 18
7464 30
7465 29
7466 28
7467 16
7468 21
7469 24
7470 20
7471 23
7472 30
7473 17
7474 24
7475 24
7476 21
7477 25
7478 29
7479 27
7480 26
7481 24
7482 25
7483 18
7484 27
7485 19
7486 28
7487 24
7488 28
7489 20
7490 31
7491 20
7492 27
7493 34
7494 24
7495 32
7496 23
7497 31
7498 22
7499 21
7500 30
7501 23
7502 27
7503 24
7504 32
7505 26
7506 26
7507 27
7508 32
7509 25
7510 22
7511 22
7512 24
7513 24
7514 23
7515 27
7516 23
7517 28
7518 31
7519 32
7520 25
7521 26
7522 30
7523 30
7524 37
7525 18
7526 24
7527 30
7528 26
7529 23
7530 26
7531 23
7532 24
7533 33
7534 24
7535 27
7536 28
7537 28
7538 29
7539 24
7540 25
7541 26
7542 28
7543 26
7544 32
7545 33
7546 23
7547 23
7548 19
7549 23
7550 28
7551 35
7552 21
7553 25
7554 25
7555 30
7556 22
7557 26
7558 34
7559 28
7560 26
7561 31
7562 19
7563 26
7564 23
7565 25
7566 32
7567 28
7568 22
7569 27
7570 23
7571 35
7572 28
7573 33
7574 30
7575 18
7576 32
7577 33
7578 22
7579 30
7580 27
7581 32
7582 29
7583 27
7584 20
7585 32
7586 36
7587 28
7588 28
7589 26
7590 32
7591 22
7592 25
7593 24
7594 32
7595 34
7596 25
7597 27
7598 33
7599 34
7600 22
7601 22
7602 27
7603 31
7604 35
7605 31
7606 36
7607 23
7608 27
7609 34
7610 33
7611 24
7612 22
7613 27
7614 22
7615 30
7616 29
7617 32
7618 28
7619 24
7620 29
7621 20
7622 20
7623 24
7624 25
7625 25
7626 28
7627 38
7628 31
7629 29
7630 31
7631 24
7632 31
7633 20
7634 26
7635 26
7636 31
7637 17
7638 29
7639 20
7640 28
7641 20
7642 26
7643 24
7644 33
7645 28
7646 25
7647 34
7648 21
7649 24
7650 38
7651 29
7652 25
7653 24
7654 21
7655 27
7656 23
7657 20
7658 18
7659 25
7660 32
7661 19
7662 25
7663 30
7664 23
7665 16
7666 27
7667 33
7668 33
7669 24
7670 25
7671 18
7672 25
7673 20
7674 28
7675 30
7676 31
7677 23
7678 26
7679 28
7680 24
7681 23
7682 20
7683 33
7684 29
7685 15
7686 24
7687 28
7688 22
7689 24
7690 23
7691 24
7692 23
7693 26
7694 29
7695 24
7696 25
7697 27
7698 29
7699 36
7700 19
7701 21
7702 21
7703 32
7704 24
7705 20
7706 26
7707 23
7708 29
7709 21
7710 25
7711 20
7712 32
7713 28
7714 26
7715 23
7716 33
7717 22
7718 25
7719 21
7720 27
7721 24
7722 28
7723 32
7724 20
7725 38
7726 23
7727 25
7728 27
7729 28
7730 19
7731 28
7732 31
7733 26
7734 29
7735 32
7736 22
7737 26
7738 32
7739 21
7740 20
7741 25
7742 33
7743 28
7744 29
7745 27
7746 29
7747 24
7748 24
7749 33
7750 20
7751 31
7752 23
7753 30
7754 29
7755 34
7756 27
7757 37
7758 29
7759 35
7760 25
7761 21
7762 31
7763 23
7764 24
7765 22
7766 29
7767 24
7768 21
7769 23
7770 27
7771 29
7772 23
7773 21
7774 23
7775 25
7776 29
7777 27
7778 26
7779 28
7780 27
7781 37
7782 23
7783 20
7784 28
7785 31
7786 25
7787 22
7788 33
7789 24
7790 20
7791 38
7792 34
7793 25
7794 19
7795 26
7796 21
7797 30
7798 32
7799 18
7800 29
7801 26
7802 22
7803 24
7804 28
7805 20
7806 32
7807 34
7808 27
7809 24
7810 22
7811 23
7812 28
7813 28
7814 21
7815 25
7816 29
7817 16
7818 25
7819 28
7820 34
7821 25
7822 26
7823 29
7824 31
7825 24
7826 30
7827 28
7828 25
7829 29
7830 29
7831 27
7832 29
7833 24
7834 28
7835 28
7836 24
7837 32
7838 26
7839 27
7840 32
7841 21
7842 29
7843 30
7844 27
7845 32
7846 25
7847 24
7848 35
7849 26
7850 32
7851 36
7852 33
7853 26
7854 27
7855 27
7856 20
7857 22
7858 36
7859 30
7860 28
7861 23
7862 37
7863 26
7864 34
7865 29
7866 21
7867 23
7868 23
7869 29
7870 29
7871 21
7872 30
7873 29
7874 37
7875 26
7876 31
7877 24
7878 28
7879 27
7880 30
7881 21
7882 27
7883 26
7884 25
7885 21
7886 22
7887 28
7888 26
7889 33
7890 22
7891 25
7892 36
7893 32
7894 25
7895 35
7896 29
7897 24
7898 35
7899 16
7900 31
7901 30
7902 31
7903 30
7904 37
7905 20
7906 26
7907 24
7908 23
7909 23
7910 34
7911 29
7912 25
7913 24
7914 20
7915 25
7916 22
7917 25
7918 18
7919 30
7920 19
7921 30
7922 26
7923 28
7924 22
7925 25
7926 23
7927 23
7928 37
7929 21
7930 22
7931 29
7932 25
7933 27
7934 27
7935 24
7936 23
7937 16
7938 23
7939 33
7940 25
7941 26
7942 18
7943 21
7944 22
7945 28
7946 26
7947 26
7948 30
7949 27
7950 18
7951 23
7952 27
7953 19
7954 21
7955 21
7956 27
7957 16
7958 17
7959 19
7960 29
7961 22
7962 24
7963 23
7964 22
7965 25
7966 27
7967 11
7968 14
7969 20
7970 25
7971 32
7972 29
7973 22
7974 17
7975 27
7976 23
7977 25
7978 22
7979 28
7980 26
7981 22
7982 16
7983 21
7984 17
7985 33
7986 25
7987 24
7988 28
7989 15
7990 22
7991 19
7992 26
7993 17
7994 30
7995 24
7996 21
7997 21
7998 28
7999 21
8000 31
8001 22
8002 20
8003 32
8004 24
8005 16
8006 24
8007 30
8008 19
8009 30
8010 18
8011 16
8012 24
8013 22
8014 21
8015 21
8016 24
8017 27
8018 33
8019 21
8020 27
8021 22
8022 25
8023 29
8024 21
8025 23
8026 25
8027 17
8028 15
8029 19
8030 19
8031 22
8032 33
8033 17
8034 16
8035 19
8036 18
8037 30
8038 19
8039 16
8040 20
8041 19
8042 24
8043 30
8044 29
8045 19
8046 28
8047 21
8048 23
8049 20
8050 29
8051 21
8052 16
8053 19
8054 18
8055 23
8056 24
8057 18
8058 20
8059 17
8060 19
8061 21
8062 28
8063 20
8064 28
8065 20
8066 27
8067 25
8068 20
8069 23
8070 21
8071 21
8072 27
8073 26
8074 25
8075 19
8076 30
8077 27
8078 20
8079 21
8080 21
8081 17
8082 15
8083 27
8084 33
8085 22
8086 22
8087 26
8088 24
8089 20
8090 28
8091 28
8092 19
8093 16
8094 23
8095 27
8096 22
8097 21
8098 14
8099 21
8100 26
8101 28
8102 21
8103 25
8104 29
8105 20
8106 27
8107 21
8108 20
8109 17
8110 26
8111 23
8112 27
8113 19
8114 17
8115 19
8116 18
8117 17
8118 18
8119 24
8120 22
8121 27
8122 30
8123 22
8124 18
8125 15
8126 19
8127 25
8128 26
8129 26
8130 26
8131 26
8132 22
8133 25
8134 19
8135 15
8136 26
8137 20
8138 15
8139 20
8140 21
8141 14
8142 20
8143 20
8144 21
8145 27
8146 16
8147 18
8148 24
8149 23
8150 20
8151 19
8152 20
8153 18
8154 28
8155 27
8156 19
8157 13
8158 24
8159 31
8160 21
8161 16
8162 21
8163 25
8164 23
8165 18
8166 22
8167 15
8168 28
8169 21
8170 22
8171 17
8172 18
8173 25
8174 19
8175 20
8176 20
8177 22
8178 22
8179 11
8180 12
8181 18
8182 36
8183 27
8184 18
8185 20
8186 20
8187 20
8188 18
8189 24
8190 17
8191 23
8192 17
8193 21
8194 27
8195 27
8196 15
8197 19
8198 25
8199 29
8200 15
8201 19
8202 22
8203 27
8204 20
8205 17
8206 19
8207 22
8208 18
8209 19
8210 24
8211 24
8212 18
8213 20
8214 21
8215 25
8216 22
8217 12
8218 20
8219 26
8220 14
8221 13
8222 16
8223 16
8224 21
8225 25
8226 21
8227 28
8228 21
8229 10
8230 19
8231 35
8232 28
8233 20
8234 13
8235 16
8236 25
8237 18
8238 21
8239 31
8240 20
8241 20
8242 15
8243 20
8244 21
8245 23
8246 16
8247 24
8248 22
8249 14
8250 18
8251 20
8252 17
8253 20
8254 13
8255 19
8256 19
8257 20
8258 20
8259 16
8260 17
8261 14
8262 27
8263 22
8264 19
8265 16
8266 19
8267 16
8268 17
8269 21
8270 15
8271 18
8272 22
8273 21
8274 10
8275 20
8276 21
8277 26
8278 14
8279 19
8280 21
8281 19
8282 26
8283 16
8284 18
8285 19
8286 19
8287 20
8288 19
8289 17
8290 20
8291 20
8292 21
8293 10
8294 20
8295 21
8296 18
8297 17
8298 17
8299 17
8300 19
8301 21
8302 19
8303 16
8304 21
8305 23
8306 18
8307 17
8308 21
8309 21
8310 11
8311 21
8312 15
8313 18
8314 16
8315 15
8316 19
8317 22
8318 16
8319 16
8320 18
8321 21
8322 17
8323 17
8324 24
8325 22
8326 17
8327 17
8328 19
8329 20
8330 19
8331 16
8332 13
8333 18
8334 20
8335 19
8336 11
8337 10
8338 18
8339 22
8340 17
8341 15
8342 17
8343 16
8344 21
8345 8
8346 12
8347 17
8348 21
8349 14
8350 23
8351 12
8352 19
8353 19
8354 23
8355 10
8356 12
8357 21
8358 16
8359 16
8360 16
8361 9
8362 20
8363 14
8364 13
8365 10
8366 22
8367 16
8368 11
8369 21
8370 18
8371 21
8372 22
8373 17
8374 26
8375 13
8376 17
8377 10
8378 14
8379 15
8380 10
8381 10
8382 24
8383 16
8384 19
8385 11
8386 15
8387 19
8388 18
8389 18
8390 13
8391 15
8392 18
8393 15
8394 15
8395 16
8396 17
8397 19
8398 16
8399 8
8400 13
8401 14
8402 19
8403 19
8404 16
8405 21
8406 21
8407 27
8408 17
8409 15
8410 20
8411 16
8412 15
8413 27
8414 14
8415 19
8416 15
8417 20
8418 20
8419 13
8420 15
8421 16
8422 21
8423 17
8424 18
8425 16
8426 18
8427 18
8428 16
8429 16
8430 15
8431 9
8432 18
8433 22
8434 20
8435 15
8436 12
8437 23
8438 13
8439 21
8440 21
8441 15
8442 21
8443 19
8444 21
8445 18
8446 8
8447 16
8448 21
8449 10
8450 17
8451 26
8452 17
8453 19
8454 20
8455 25
8456 22
8457 25
8458 27
8459 16
8460 22
8461 20
8462 14
8463 23
8464 24
8465 24
8466 10
8467 17
8468 22
8469 21
8470 17
8471 21
8472 19
8473 23
8474 13
8475 13
8476 23
8477 15
8478 15
8479 15
8480 13
8481 18
8482 11
8483 13
8484 20
8485 13
8486 18
8487 11
8488 24
8489 17
8490 16
8491 17
8492 15
8493 19
8494 12
8495 12
8496 22
8497 17
8498 15
8499 18
8500 22
8501 20
8502 16
8503 11
8504 12
8505 11
8506 12
8507 20
8508 16
8509 13
8510 14
8511 17
8512 8
8513 11
8514 22
8515 15
8516 26
8517 12
8518 11
8519 19
8520 18
8521 10
8522 15
8523 11
8524 11
8525 7
8526 13
8527 22
8528 8
8529 14
8530 13
8531 22
8532 21
8533 17
8534 9
8535 18
8536 15
8537 20
8538 11
8539 17
8540 17
8541 11
8542 21
8543 13
8544 15
8545 24
8546 13
8547 14
8548 13
8549 13
8550 18
8551 13
8552 10
8553 12
8554 10
8555 17
8556 13
8557 21
8558 17
8559 8
8560 13
8561 18
8562 11
8563 22
8564 17
8565 20
8566 12
8567 10
8568 22
8569 12
8570 14
8571 14
8572 11
8573 11
8574 16
8575 19
8576 11
8577 20
8578 15
8579 16
8580 12
8581 21
8582 10
8583 12
8584 20
8585 13
8586 15
8587 17
8588 12
8589 17
8590 14
8591 20
8592 17
8593 14
8594 11
8595 12
8596 18
8597 11
8598 20
8599 15
8600 12
8601 10
8602 15
8603 19
8604 22
8605 18
8606 11
8607 18
8608 8
8609 10
8610 17
8611 15
8612 23
8613 21
8614 21
8615 16
8616 18
8617 15
8618 13
8619 11
8620 24
8621 15
8622 19
8623 11
8624 10
8625 14
8626 18
8627 9
8628 16
8629 21
8630 17
8631 19
8632 29
8633 17
8634 13
8635 11
8636 16
8637 10
8638 15
8639 12
8640 15
8641 21
8642 18
8643 18
8644 17
8645 14
8646 20
8647 20
8648 16
8649 14
8650 25
8651 26
8652 12
8653 16
8654 19
8655 7
8656 21
8657 18
8658 16
8659 25
8660 21
8661 17
8662 12
8663 13
8664 17
8665 13
8666 13
8667 10
8668 14
8669 5
8670 13
8671 6
8672 24
8673 12
8674 23
8675 14
8676 17
8677 21
8678 17
8679 18
8680 17
8681 16
8682 13
8683 16
8684 17
8685 16
8686 13
8687 18
8688 13
8689 17
8690 20
8691 18
8692 16
8693 17
8694 19
8695 16
8696 17
8697 9
8698 12
8699 11
8700 25
8701 11
8702 11
8703 17
8704 15
8705 21
8706 14
8707 16
8708 18
8709 9
8710 9
8711 15
8712 26
8713 16
8714 13
8715 15
8716 18
8717 24
8718 22
8719 13
8720 17
8721 17
8722 17
8723 13
8724 18
8725 15
8726 17
8727 23
8728 15
8729 16
8730 19
8731 10
8732 18
8733 13
8734 15
8735 11
8736 10
8737 19
8738 16
8739 11
8740 13
8741 18
8742 11
8743 11
8744 17
8745 22
8746 17
8747 15
8748 17
8749 13
8750 12
8751 12
8752 18
8753 20
8754 15
8755 21
8756 20
8757 13
8758 14
8759 14
8760 14
8761 26
8762 20
8763 19
8764 16
8765 23
8766 26
8767 16
8768 22
8769 13
8770 21
8771 23
8772 15
8773 14
8774 8
8775 14
8776 10
8777 20
8778 15
8779 15
8780 25
8781 20
8782 18
8783 22
8784 16
8785 20
8786 11
8787 13
8788 14
8789 17
8790 12
8791 14
8792 12
8793 9
8794 18
8795 15
8796 13
8797 15
8798 20
8799 25
8800 9
8801 18
8802 12
8803 12
8804 13
8805 16
8806 14
8807 19
8808 19
8809 15
8810 19
8811 9
8812 22
8813 22
8814 14
8815 13
8816 22
8817 12
8818 19
8819 18
8820 10
8821 10
8822 17
8823 20
8824 6
8825 16
8826 10
8827 18
8828 12
8829 13
8830 15
8831 4
8832 16
8833 15
8834 14
8835 14
8836 18
8837 20
8838 10
8839 20
8840 19
8841 10
8842 17
8843 21
8844 18
8845 19
8846 16
8847 11
8848 12
8849 14
8850 12
8851 17
8852 19
8853 14
8854 10
8855 10
8856 12
8857 20
8858 12
8859 13
8860 10
8861 8
8862 13
8863 14
8864 19
8865 9
8866 16
8867 10
8868 17
8869 18
8870 13
8871 18
8872 17
8873 13
8874 15
8875 7
8876 8
8877 10
8878 17
8879 12
8880 10
8881 15
8882 18
8883 20
8884 11
8885 17
8886 19
8887 17
8888 12
8889 11
8890 14
8891 13
8892 13
8893 10
8894 7
8895 13
8896 14
8897 11
8898 11
8899 13
8900 14
8901 14
8902 13
8903 22
8904 7
8905 12
8906 17
8907 7
8908 12
8909 10
8910 12
8911 14
8912 11
8913 9
8914 15
8915 14
8916 13
8917 9
8918 10
8919 16
8920 13
8921 14
8922 14
8923 14
8924 16
8925 9
8926 11
8927 9
8928 7
8929 20
8930 13
8931 13
8932 15
8933 17
8934 14
8935 12
8936 11
8937 8
8938 12
8939 13
8940 12
8941 11
8942 12
8943 9
8944 12
8945 10
8946 5
8947 12
8948 12
8949 20
8950 15
8951 11
8952 13
8953 11
8954 13
8955 17
8956 6
8957 14
8958 17
8959 16
8960 12
8961 14
8962 14
8963 12
8964 7
8965 19
8966 12
8967 14
8968 13
8969 14
8970 15
8971 14
8972 14
8973 11
8974 15
8975 9
8976 12
8977 7
8978 16
8979 14
8980 8
8981 17
8982 9
8983 8
8984 11
8985 13
8986 16
8987 22
8988 17
8989 11
8990 16
8991 17
8992 12
8993 12
8994 12
8995 20
8996 11
8997 16
8998 18
8999 17
9000 14
9001 8
9002 17
9003 5
9004 20
9005 15
9006 5
9007 13
9008 11
9009 5
9010 9
9011 15
9012 18
9013 16
9014 12
9015 11
9016 15
9017 14
9018 6
9019 11
9020 20
9021 5
9022 6
9023 14
9024 12
9025 15
9026 13
9027 9
9028 12
9029 15
9030 16
9031 11
9032 12
9033 6
9034 11
9035 19
9036 16
9037 11
9038 13
9039 9
9040 22
9041 11
9042 18
9043 9
9044 13
9045 12
9046 18
9047 12
9048 15
9049 12
9050 10
9051 17
9052 18
9053 10
9054 12
9055 17
9056 10
9057 10
9058 10
9059 10
9060 12
9061 17
9062 14
9063 13
9064 10
9065 14
9066 10
9067 11
9068 13
9069 14
9070 16
9071 17
9072 10
9073 18
9074 8
9075 11
9076 19
9077 8
9078 10
9079 13
9080 12
9081 13
9082 17
9083 10
9084 12
9085 16
9086 12
9087 10
9088 15
9089 16
9090 17
9091 13
9092 12
9093 19
9094 4
9095 9
9096 14
9097 17
9098 9
9099 16
9100 13
9101 16
9102 15
9103 6
9104 14
9105 16
9106 11
9107 11
9108 10
9109 16
9110 13
9111 12
9112 12
9113 17
9114 8
9115 6
9116 14
9117 17
9118 11
9119 12
9120 14
9121 16
9122 14
9123 22
9124 13
9125 18
9126 12
9127 9
9128 12
9129 8
9130 17
9131 12
9132 16
9133 13
9134 17
9135 16
9136 16
9137 12
9138 12
9139 11
9140 11
9141 10
9142 9
9143 9
9144 11
9145 16
9146 11
9147 11
9148 12
9149 16
9150 12
9151 10
9152 9
9153 15
9154 13
9155 11
9156 14
9157 13
9158 8
9159 21
9160 16
9161 16
9162 9
9163 15
9164 17
9165 12
9166 11
9167 19
9168 18
9169 10
9170 16
9171 12
9172 12
9173 7
9174 16
9175 15
9176 17
9177 7
9178 15
9179 10
9180 11
9181 9
9182 15
9183 12
9184 18
9185 15
9186 10
9187 17
9188 15
9189 17
9190 9
9191 10
9192 17
9193 6
9194 14
9195 14
9196 14
9197 16
9198 13
9199 13
9200 17
9201 8
9202 18
9203 12
9204 8
9205 10
9206 16
9207 10
9208 19
9209 16
9210 9
9211 13
9212 9
9213 9
9214 14
9215 8
9216 7
9217 13
9218 9
9219 12
9220 14
9221 9
9222 11
9223 8
9224 11
9225 15
9226 10
9227 16
9228 13
9229 18
9230 14
9231 9
9232 12
9233 9
9234 16
9235 10
9236 10
9237 13
9238 11
9239 9
9240 20
9241 18
9242 11
9243 10
9244 9
9245 17
9246 6
9247 12
9248 13
9249 16
9250 13
9251 10
9252 12
9253 18
9254 17
9255 11
9256 9
9257 3
9258 8
9259 7
9260 9
9261 19
9262 15
9263 13
9264 12
9265 7
9266 16
9267 12
9268 9
9269 6
9270 12
9271 11
9272 15
9273 10
9274 15
9275 9
9276 22
9277 14
9278 13
9279 7
9280 16
9281 12
9282 8
9283 9
9284 10
9285 19
9286 17
9287 18
9288 12
9289 15
9290 22
9291 5
9292 14
9293 10
9294 10
9295 8
9296 11
9297 17
9298 7
9299 14
9300 11
9301 18
9302 15
9303 8
9304 17
9305 13
9306 18
9307 15
9308 13
9309 11
9310 7
9311 13
9312 9
9313 11
9314 18
9315 13
9316 12
9317 13
9318 21
9319 6
9320 10
9321 14
9322 11
9323 13
9324 9
9325 10
9326 16
9327 13
9328 11
9329 13
9330 6
9331 6
9332 13
9333 11
9334 13
9335 14
9336 8
9337 12
9338 6
9339 6
9340 15
9341 10
9342 12
9343 11
9344 12
9345 11
9346 6
9347 13
9348 7
9349 14
9350 12
9351 9
9352 18
9353 14
9354 9
9355 15
9356 11
9357 11
9358 9
9359 13
9360 12
9361 14
9362 10
9363 10
9364 14
9365 14
9366 11
9367 7
9368 8
9369 6
9370 13
9371 14
9372 10
9373 11
9374 9
9375 10
9376 13
9377 15
9378 13
9379 14
9380 8
9381 6
9382 12
9383 12
9384 16
9385 8
9386 14
9387 16
9388 14
9389 14
9390 15
9391 9
9392 12
9393 13
9394 9
9395 11
9396 11
9397 6
9398 13
9399 13
9400 11
9401 14
9402 12
9403 10
9404 13
9405 9
9406 8
9407 10
9408 10
9409 8
9410 6
9411 12
9412 6
9413 11
9414 10
9415 9
9416 10
9417 17
9418 10
9419 9
9420 9
9421 8
9422 12
9423 7
9424 16
9425 7
9426 9
9427 6
9428 8
9429 12
9430 9
9431 10
9432 12
9433 16
9434 8
9435 13
9436 10
9437 13
9438 11
9439 8
9440 19
9441 10
9442 15
9443 20
9444 9
9445 8
9446 9
9447 16
9448 8
9449 10
9450 9
9451 11
9452 12
9453 9
9454 19
9455 12
9456 9
9457 17
9458 15
9459 14
9460 14
9461 10
9462 8
9463 9
9464 8
9465 14
9466 13
9467 7
9468 11
9469 11
9470 9
9471 11
9472 11
9473 9
9474 20
9475 8
9476 11
9477 9
9478 13
9479 13
9480 10
9481 18
9482 11
9483 14
9484 7
9485 13
9486 11
9487 6
9488 16
9489 8
9490 8
9491 7
9492 9
9493 14
9494 7
9495 12
9496 10
9497 13
9498 12
9499 23
9500 8
9501 8
9502 12
9503 9
9504 5
9505 10
9506 9
9507 16
9508 12
9509 15
9510 8
9511 10
9512 10
9513 10
9514 8
9515 11
9516 10
9517 12
9518 6
9519 12
9520 4
9521 12
9522 5
9523 8
9524 12
9525 11
9526 12
9527 11
9528 9
9529 8
9530 10
9531 13
9532 11
9533 6
9534 12
9535 13
9536 14
9537 12
9538 4
9539 12
9540 11
9541 14
9542 9
9543 8
9544 12
9545 10
9546 7
9547 7
9548 12
9549 17
9550 19
9551 14
9552 7
9553 12
9554 11
9555 10
9556 12
9557 11
9558 16
9559 10
9560 15
9561 9
9562 7
9563 9
9564 11
9565 11
9566 7
9567 9
9568 8
9569 10
9570 11
9571 10
9572 14
9573 7
9574 8
9575 15
9576 8
9577 15
9578 6
9579 6
9580 7
9581 10
9582 13
9583 10
9584 10
9585 8
9586 7
9587 6
9588 9
9589 8
9590 5
9591 10
9592 9
9593 6
9594 9
9595 3
9596 10
9597 8
9598 9
9599 6
9600 16
9601 9
9602 8
9603 11
9604 12
9605 9
9606 6
9607 12
9608 10
9609 3
9610 17
9611 7
9612 10
9613 11
9614 11
9615 8
9616 13
9617 11
9618 6
9619 9
9620 10
9621 9
9622 12
9623 11
9624 6
9625 11
9626 12
9627 6
9628 7
9629 8
9630 4
9631 10
9632 8
9633 4
9634 9
9635 13
9636 10
9637 11
9638 7
9639 8
9640 13
9641 10
9642 4
9643 4
9644 17
9645 7
9646 9
9647 11
9648 9
9649 5
9650 11
9651 15
9652 6
9653 13
9654 12
9655 6
9656 10
9657 6
9658 15
9659 6
9660 6
9661 9
9662 9
9663 5
9664 8
9665 13
9666 5
9667 11
9668 14
9669 6
9670 10
9671 11
9672 11
9673 5
9674 9
9675 12
9676 6
9677 11
9678 7
9679 6
9680 9
9681 9
9682 9
9683 10
9684 9
9685 9
9686 11
9687 13
9688 6
9689 8
9690 6
9691 16
9692 8
9693 8
9694 8
9695 6
9696 14
9697 12
9698 10
9699 10
9700 4
9701 5
9702 7
9703 9
9704 8
9705 5
9706 10
9707 9
9708 3
9709 10
9710 6
9711 6
9712 12
9713 5
9714 8
9715 8
9716 7
9717 5
9718 8
9719 12
9720 10
9721 6
9722 4
9723 13
9724 8
9725 11
9726 7
9727 5
9728 7
9729 4
9730 7
9731 7
9732 12
9733 9
9734 6
9735 7
9736 8
9737 5
9738 11
9739 8
9740 9
9741 8
9742 9
9743 7
9744 7
9745 12
9746 8
9747 3
9748 8
9749 7
9750 8
9751 4
9752 2
9753 5
9754 10
9755 12
9756 15
9757 13
9758 13
9759 11
9760 8
9761 10
9762 7
9763 7
9764 7
9765 12
9766 8
9767 9
9768 14
9769 17
9770 10
9771 7
9772 9
9773 6
9774 10
9775 8
9776 13
9777 8
9778 9
9779 8
9780 11
9781 14
9782 14
9783 7
9784 8
9785 12
9786 6
9787 9
9788 8
9789 10
9790 8
9791 5
9792 14
9793 16
9794 8
9795 12
9796 5
9797 8
9798 13
9799 11
9800 8
9801 10
9802 8
9803 18
9804 7
9805 5
9806 13
9807 6
9808 8
9809 14
9810 11
9811 9
9812 9
9813 10
9814 7
9815 9
9816 5
9817 13
9818 12
9819 15
9820 8
9821 7
9822 10
9823 4
9824 10
9825 12
9826 6
9827 6
9828 13
9829 14
9830 4
9831 4
9832 7
9833 4
9834 6
9835 9
9836 10
9837 8
9838 10
9839 7
9840 8
9841 10
9842 7
9843 11
9844 13
9845 10
9846 10
9847 7
9848 11
9849 12
9850 11
9851 4
9852 9
9853 13
9854 9
9855 8
9856 7
9857 9
9858 6
9859 11
9860 11
9861 14
9862 11
9863 4
9864 15
9865 9
9866 7
9867 3
9868 8
9869 13
9870 8
9871 10
9872 8
9873 10
9874 7
9875 7
9876 9
9877 5
9878 12
9879 8
9880 9
9881 6
9882 10
9883 4
9884 8
9885 12
9886 11
9887 4
9888 8
9889 10
9890 5
9891 6
9892 9
9893 6
9894 3
9895 14
9896 9
9897 5
9898 5
9899 8
9900 7
9901 12
9902 12
9903 5
9904 3
9905 8
9906 7
9907 16
9908 13
9909 10
9910 9
9911 7
9912 6
9913 8
9914 6
9915 12
9916 11
9917 9
9918 8
9919 6
9920 12
9921 11
9922 10
9923 10
9924 9
9925 11
9926 3
9927 6
9928 11
9929 8
9930 11
9931 15
9932 9
9933 10
9934 7
9935 5
9936 3
9937 1
9938 13
9939 5
9940 10
9941 7
9942 14
9943 9
9944 9
9945 9
9946 5
9947 10
9948 11
9949 12
9950 8
9951 9
9952 8
9953 7
9954 3
9955 14
9956 9
9957 12
9958 3
9959 10
9960 8
9961 8
9962 10
9963 11
9964 1
9965 13
9966 9
9967 12
9968 12
9969 11
9970 6
9971 9
9972 9
9973 13
9974 10
9975 6
9976 8
9977 9
9978 5
9979 10
9980 14
9981 8
9982 6
9983 5
9984 9
9985 7
9986 5
9987 9
9988 5
9989 9
9990 5
9991 6
9992 9
9993 5
9994 9
9995 5
9996 12
9997 9
9998 9
9999 10
10000 9
10001 101055
