1 4059117652
2 106276629
3 23192136
4 10212557
5 6111398
6 4745466
7 4647015
8 5330096
9 6573038
10 8224217
11 10178661
12 12307007
13 14520454
14 16786095
15 19148824
16 21730741
17 24797577
18 28535385
19 33266895
20 39135706
21 46252590
22 54538595
23 63898714
24 73997334
25 84385402
26 94545652
27 103945440
28 111969721
29 118192285
30 122149480
31 123648751
32 122597442
33 119132779
34 113489927
35 105944513
36 96972222
37 87090555
38 76772791
39 66470055
40 56562385
41 47332261
42 38961213
43 31582459
44 25257632
45 19922065
46 15551796
47 12043842
48 9284632
49 7155464
50 5547321
51 4358168
52 3499182
53 2899295
54 2477920
55 2203509
56 2024526
57 1912081
58 1847038
59 1804958
60 1784014
61 1767393
62 1753710
63 1734945
64 1715243
65 1685017
66 1648818
67 1604538
68 1550940
69 1492591
70 1425892
71 1357597
72 1287129
73 1216182
74 1141747
75 1072221
76 1003172
77 936323
78 874734
79 818372
80 767471
81 719948
82 678510
83 643701
84 611188
85 582404
86 560904
87 540519
88 524400
89 511352
90 500438
91 488361
92 481218
93 472402
94 465866
95 458553
96 453142
97 446174
98 440394
99 433061
100 425462
101 418598
102 410939
103 401101
104 392751
105 383257
106 374573
107 364374
108 354770
109 345479
110 336196
111 326634
112 316658
113 307938
114 299668
115 290620
116 281702
117 275933
118 269281
119 262531
120 257293
121 252080
122 247391
123 242393
124 237811
125 233959
126 230839
127 225222
128 222245
129 218325
130 215962
131 213088
132 209660
133 206912
134 204389
135 200581
136 197560
137 193895
138 190974
139 188096
140 185120
141 182040
142 178224
143 175805
144 173349
145 170354
146 167674
147 164066
148 161835
149 160040
150 156232
151 154151
152 150769
153 148760
154 146776
155 144529
156 142242
157 138934
158 136705
159 135551
160 133020
161 130857
162 129021
163 127720
164 126521
165 124795
166 122374
167 120800
168 119363
169 118193
170 116624
171 115421
172 113680
173 111816
174 110021
175 108283
176 107170
177 105915
178 104032
179 102450
180 101502
181 99272
182 98388
183 97051
184 96184
185 94889
186 93722
187 92240
188 90937
189 90067
190 88419
191 88034
192 86747
193 85753
194 84251
195 83784
196 82629
197 81671
198 80354
199 78869
200 77957
201 77159
202 76730
203 76346
204 75058
205 74361
206 73346
207 72764
208 72253
209 71378
210 70107
211 70033
212 69247
213 68121
214 67119
215 66790
216 66443
217 65685
218 64711
219 63240
220 62740
221 62538
222 62176
223 60811
224 60352
225 59037
226 59179
227 58588
228 57789
229 57197
230 56779
231 55574
232 55377
233 54821
234 54125
235 53618
236 53254
237 52376
238 51838
239 51263
240 50707
241 49914
242 49171
243 48997
244 48328
245 47850
246 47502
247 47035
248 46345
249 45880
250 45817
251 45370
252 44670
253 44566
254 43851
255 43356
256 42736
257 42593
258 42439
259 41814
260 41513
261 40972
262 40792
263 40209
264 40212
265 39234
266 39033
267 38622
268 38381
269 37869
270 37805
271 37476
272 36887
273 36468
274 36020
275 35895
276 35429
277 35418
278 34790
279 34742
280 34372
281 33702
282 34135
283 33483
284 33549
285 33155
286 32948
287 32788
288 32095
289 32526
290 31819
291 31617
292 31100
293 30713
294 30689
295 30294
296 30110
297 29625
298 29629
299 29335
300 29353
301 28972
302 28496
303 28727
304 28027
305 28098
306 27822
307 27016
308 27165
309 27246
310 26879
311 26449
312 26303
313 26362
314 25939
315 25744
316 25455
317 25481
318 25095
319 24660
320 24679
321 24851
322 24218
323 24144
324 23908
325 23802
326 23350
327 23246
328 23247
329 22834
330 22929
331 22786
332 22471
333 22095
334 22097
335 21843
336 21828
337 21469
338 21559
339 21257
340 21267
341 20877
342 20910
343 20884
344 20349
345 20760
346 20242
347 20318
348 20011
349 19849
350 19464
351 19338
352 19462
353 19393
354 19223
355 19155
356 18997
357 18905
358 18730
359 18345
360 18377
361 18138
362 18480
363 18117
364 17963
365 17708
366 17641
367 17784
368 17628
369 17560
370 17209
371 17209
372 17042
373 17003
374 17049
375 16887
376 16696
377 16680
378 16529
379 16488
380 16228
381 16147
382 16135
383 16011
384 15807
385 15742
386 15742
387 15631
388 15535
389 15476
390 15392
391 15396
392 15190
393 14913
394 14908
395 15125
396 14893
397 14851
398 14539
399 14535
400 14543
401 14594
402 14236
403 14446
404 14322
405 13969
406 13964
407 13825
408 13879
409 13771
410 13963
411 13640
412 13828
413 13504
414 13611
415 13414
416 13616
417 13248
418 13153
419 13159
420 13111
421 13025
422 13102
423 12934
424 12728
425 12771
426 12785
427 12592
428 12634
429 12341
430 12466
431 12626
432 12264
433 12232
434 12136
435 12042
436 12098
437 11979
438 11847
439 12014
440 11969
441 11829
442 11782
443 11833
444 11741
445 11642
446 11549
447 11633
448 11382
449 11287
450 11327
451 11151
452 11391
453 11342
454 11103
455 10939
456 10916
457 10877
458 10871
459 10879
460 10957
461 10906
462 10927
463 10862
464 10923
465 10633
466 10398
467 10455
468 10534
469 10367
470 10353
471 10331
472 10337
473 10169
474 10146
475 10337
476 10132
477 10142
478 10112
479 10093
480 10084
481 9969
482 10085
483 9822
484 9794
485 9792
486 9699
487 9747
488 9420
489 9737
490 9513
491 9586
492 9567
493 9230
494 9384
495 9306
496 9225
497 9153
498 9147
499 9075
500 9158
501 8996
502 8963
503 9041
504 9053
505 8854
506 8792
507 8698
508 8881
509 8759
510 8562
511 8788
512 8584
513 8664
514 8591
515 8535
516 8590
517 8689
518 8503
519 8690
520 8494
521 8337
522 8320
523 8225
524 8302
525 8315
526 8258
527 8300
528 8209
529 8214
530 8160
531 8269
532 8062
533 7940
534 8028
535 8110
536 7782
537 7950
538 8056
539 7752
540 8007
541 7674
542 7692
543 7818
544 7644
545 7730
546 7603
547 7681
548 7592
549 7725
550 7439
551 7588
552 7410
553 7504
554 7353
555 7122
556 7318
557 7286
558 7380
559 7087
560 7331
561 7242
562 7251
563 7175
564 7258
565 7145
566 7296
567 7047
568 7068
569 6949
570 7037
571 7122
572 7033
573 6871
574 6928
575 7129
576 6752
577 7063
578 7080
579 7007
580 6808
581 6727
582 6794
583 6705
584 6654
585 6740
586 6600
587 6758
588 6476
589 6643
590 6499
591 6635
592 6466
593 6453
594 6498
595 6402
596 6336
597 6318
598 6396
599 6425
600 6348
601 6296
602 6215
603 6146
604 6118
605 6249
606 6223
607 6049
608 6147
609 6054
610 6070
611 6227
612 6072
613 6008
614 5949
615 5936
616 6030
617 5941
618 5820
619 5905
620 5873
621 5816
622 5944
623 5895
624 5705
625 5793
626 5773
627 5847
628 5723
629 5655
630 5792
631 5709
632 5730
633 5651
634 5567
635 5647
636 5614
637 5481
638 5611
639 5626
640 5536
641 5488
642 5394
643 5431
644 5268
645 5361
646 5398
647 5316
648 5345
649 5325
650 5308
651 5226
652 5317
653 5262
654 5270
655 5281
656 5168
657 5270
658 5133
659 5180
660 5187
661 5140
662 5039
663 5199
664 5045
665 5118
666 5074
667 4980
668 4956
669 4976
670 4938
671 4914
672 5016
673 4920
674 4861
675 4828
676 4807
677 4792
678 4819
679 4848
680 4687
681 4831
682 4649
683 4812
684 4684
685 4688
686 4736
687 4608
688 4665
689 4798
690 4662
691 4533
692 4656
693 4704
694 4615
695 4609
696 4561
697 4499
698 4523
699 4491
700 4454
701 4421
702 4462
703 4278
704 4367
705 4433
706 4354
707 4335
708 4461
709 4313
710 4327
711 4282
712 4251
713 4141
714 4291
715 4270
716 4362
717 4267
718 4140
719 4329
720 4289
721 4161
722 4195
723 4148
724 4148
725 4196
726 4069
727 4068
728 4078
729 4016
730 4140
731 3942
732 3972
733 4091
734 4074
735 3991
736 4005
737 3924
738 3870
739 4036
740 3909
741 3832
742 3894
743 3831
744 3902
745 3950
746 3750
747 3868
748 3719
749 3736
750 3860
751 3835
752 3759
753 3854
754 3859
755 3762
756 3829
757 3720
758 3752
759 3654
760 3642
761 3644
762 3732
763 3670
764 3614
765 3631
766 3640
767 3597
768 3570
769 3582
770 3625
771 3611
772 3524
773 3492
774 3545
775 3513
776 3489
777 3493
778 3452
779 3486
780 3524
781 3433
782 3436
783 3459
784 3455
785 3430
786 3449
787 3310
788 3322
789 3282
790 3420
791 3376
792 3407
793 3327
794 3393
795 3347
796 3356
797 3305
798 3325
799 3282
800 3269
801 3358
802 3400
803 3197
804 3209
805 3170
806 3322
807 3105
808 3168
809 3267
810 3159
811 3211
812 3102
813 3164
814 3221
815 3177
816 3152
817 3103
818 3175
819 3179
820 3100
821 3091
822 3116
823 3088
824 3181
825 3084
826 3168
827 3069
828 2959
829 3036
830 3048
831 3059
832 3047
833 3016
834 3110
835 2983
836 2963
837 2989
838 2979
839 2999
840 2860
841 2816
842 2978
843 2897
844 2926
845 2915
846 2880
847 2959
848 2853
849 2879
850 2840
851 2822
852 2829
853 2834
854 2829
855 2925
856 2823
857 2813
858 2693
859 2759
860 2851
861 2795
862 2792
863 2674
864 2762
865 2813
866 2783
867 2638
868 2805
869 2768
870 2684
871 2730
872 2678
873 2726
874 2687
875 2705
876 2654
877 2649
878 2751
879 2582
880 2758
881 2698
882 2699
883 2728
884 2576
885 2646
886 2609
887 2618
888 2618
889 2599
890 2511
891 2573
892 2588
893 2519
894 2595
895 2622
896 2607
897 2547
898 2549
899 2531
900 2414
901 2516
902 2484
903 2488
904 2541
905 2583
906 2539
907 2466
908 2474
909 2476
910 2422
911 2517
912 2393
913 2375
914 2465
915 2372
916 2359
917 2377
918 2370
919 2412
920 2377
921 2384
922 2355
923 2360
924 2314
925 2277
926 2318
927 2346
928 2410
929 2330
930 2327
931 2299
932 2387
933 2260
934 2337
935 2316
936 2311
937 2293
938 2327
939 2311
940 2260
941 2296
942 2300
943 2269
944 2173
945 2260
946 2185
947 2255
948 2243
949 2258
950 2140
951 2171
952 2239
953 2283
954 2210
955 2215
956 2138
957 2230
958 2206
959 2175
960 2109
961 2211
962 2146
963 2204
964 2101
965 2211
966 2067
967 2191
968 2097
969 2102
970 2090
971 2140
972 2074
973 2152
974 2116
975 2091
976 2114
977 2179
978 2103
979 2028
980 2035
981 2116
982 2080
983 2029
984 1910
985 2010
986 2101
987 2059
988 1924
989 2023
990 2005
991 2039
992 2038
993 2034
994 2061
995 1974
996 1961
997 1968
998 2024
999 2044
1000 2037
1001 1988
1002 1987
1003 1986
1004 2004
1005 1951
1006 1957
1007 1911
1008 1914
1009 1971
1010 2025
1011 1900
1012 1950
1013 1916
1014 1960
1015 1936
1016 1945
1017 1860
1018 1925
1019 1876
1020 1973
1021 1958
1022 1927
1023 1908
1024 1895
1025 1887
1026 1882
1027 1889
1028 1899
1029 1832
1030 1805
1031 1830
1032 1860
1033 1752
1034 1886
1035 1873
1036 1811
1037 1851
1038 1834
1039 1811
1040 1838
1041 1819
1042 1837
1043 1774
1044 1764
1045 1817
1046 1799
1047 1707
1048 1748
1049 1817
1050 1773
1051 1742
1052 1774
1053 1783
1054 1722
1055 1781
1056 1806
1057 1797
1058 1772
1059 1769
1060 1717
1061 1778
1062 1731
1063 1768
1064 1712
1065 1718
1066 1749
1067 1698
1068 1672
1069 1693
1070 1716
1071 1691
1072 1786
1073 1739
1074 1709
1075 1699
1076 1699
1077 1708
1078 1684
1079 1682
1080 1688
1081 1591
1082 1736
1083 1706
1084 1613
1085 1651
1086 1733
1087 1647
1088 1637
1089 1629
1090 1741
1091 1656
1092 1669
1093 1679
1094 1668
1095 1680
1096 1685
1097 1636
1098 1563
1099 1605
1100 1616
1101 1562
1102 1550
1103 1610
1104 1627
1105 1634
1106 1678
1107 1611
1108 1608
1109 1644
1110 1535
1111 1560
1112 1578
1113 1544
1114 1530
1115 1563
1116 1577
1117 1591
1118 1593
1119 1625
1120 1558
1121 1543
1122 1552
1123 1578
1124 1565
1125 1629
1126 1545
1127 1540
1128 1565
1129 1493
1130 1522
1131 1597
1132 1570
1133 1519
1134 1532
1135 1523
1136 1551
1137 1467
1138 1527
1139 1451
1140 1504
1141 1481
1142 1521
1143 1479
1144 1420
1145 1517
1146 1498
1147 1498
1148 1574
1149 1496
1150 1442
1151 1501
1152 1481
1153 1448
1154 1505
1155 1455
1156 1512
1157 1500
1158 1445
1159 1469
1160 1458
1161 1453
1162 1408
1163 1452
1164 1410
1165 1530
1166 1419
1167 1413
1168 1475
1169 1493
1170 1474
1171 1466
1172 1385
1173 1359
1174 1494
1175 1433
1176 1464
1177 1381
1178 1398
1179 1411
1180 1387
1181 1415
1182 1427
1183 1388
1184 1422
1185 1404
1186 1417
1187 1379
1188 1379
1189 1349
1190 1373
1191 1426
1192 1390
1193 1389
1194 1336
1195 1324
1196 1324
1197 1391
1198 1248
1199 1399
1200 1451
1201 1319
1202 1376
1203 1343
1204 1316
1205 1320
1206 1386
1207 1306
1208 1289
1209 1329
1210 1379
1211 1314
1212 1339
1213 1312
1214 1350
1215 1312
1216 1317
1217 1351
1218 1237
1219 1269
1220 1341
1221 1279
1222 1288
1223 1371
1224 1360
1225 1322
1226 1301
1227 1324
1228 1299
1229 1279
1230 1321
1231 1293
1232 1312
1233 1221
1234 1272
1235 1281
1236 1298
1237 1284
1238 1284
1239 1173
1240 1309
1241 1247
1242 1334
1243 1280
1244 1320
1245 1245
1246 1269
1247 1244
1248 1284
1249 1327
1250 1213
1251 1290
1252 1210
1253 1287
1254 1181
1255 1256
1256 1245
1257 1200
1258 1261
1259 1260
1260 1212
1261 1223
1262 1290
1263 1218
1264 1239
1265 1236
1266 1228
1267 1218
1268 1216
1269 1216
1270 1173
1271 1219
1272 1224
1273 1217
1274 1182
1275 1190
1276 1149
1277 1228
1278 1150
1279 1163
1280 1196
1281 1221
1282 1186
1283 1173
1284 1235
1285 1135
1286 1179
1287 1182
1288 1160
1289 1202
1290 1155
1291 1236
1292 1191
1293 1203
1294 1167
1295 1140
1296 1222
1297 1204
1298 1169
1299 1202
1300 1133
1301 1132
1302 1132
1303 1182
1304 1176
1305 1198
1306 1131
1307 1137
1308 1121
1309 1165
1310 1112
1311 1100
1312 1129
1313 1088
1314 1125
1315 1130
1316 1104
1317 1130
1318 1086
1319 1024
1320 1111
1321 1095
1322 1089
1323 1148
1324 1111
1325 1103
1326 1099
1327 1063
1328 1064
1329 1068
1330 1104
1331 1179
1332 1035
1333 1105
1334 1081
1335 1077
1336 1114
1337 1083
1338 1100
1339 1099
1340 1069
1341 1019
1342 1037
1343 1050
1344 1085
1345 1114
1346 1021
1347 1086
1348 1096
1349 1086
1350 1042
1351 1056
1352 1137
1353 1104
1354 1063
1355 1034
1356 1041
1357 1075
1358 1081
1359 1056
1360 1099
1361 1078
1362 1066
1363 1009
1364 1035
1365 1048
1366 1088
1367 1064
1368 1059
1369 1056
1370 1042
1371 1036
1372 1034
1373 1036
1374 1018
1375 1032
1376 1045
1377 995
1378 1048
1379 970
1380 1030
1381 1035
1382 1014
1383 1065
1384 1007
1385 956
1386 1023
1387 947
1388 1018
1389 1064
1390 1035
1391 1038
1392 987
1393 1061
1394 965
1395 954
1396 991
1397 1034
1398 953
1399 954
1400 948
1401 1007
1402 1006
1403 974
1404 998
1405 1018
1406 1021
1407 986
1408 974
1409 992
1410 1004
1411 992
1412 970
1413 995
1414 988
1415 954
1416 953
1417 1023
1418 980
1419 975
1420 1014
1421 984
1422 1002
1423 1033
1424 1012
1425 956
1426 978
1427 1022
1428 1002
1429 953
1430 947
1431 984
1432 893
1433 990
1434 885
1435 971
1436 939
1437 934
1438 941
1439 951
1440 961
1441 911
1442 942
1443 939
1444 960
1445 977
1446 932
1447 914
1448 936
1449 939
1450 921
1451 972
1452 964
1453 970
1454 939
1455 936
1456 960
1457 926
1458 910
1459 981
1460 933
1461 942
1462 939
1463 951
1464 977
1465 933
1466 915
1467 904
1468 968
1469 973
1470 897
1471 936
1472 950
1473 869
1474 863
1475 932
1476 925
1477 881
1478 847
1479 938
1480 915
1481 928
1482 967
1483 907
1484 967
1485 907
1486 926
1487 962
1488 929
1489 976
1490 914
1491 912
1492 880
1493 879
1494 935
1495 907
1496 855
1497 928
1498 877
1499 909
1500 907
1501 887
1502 877
1503 900
1504 851
1505 874
1506 885
1507 857
1508 887
1509 892
1510 910
1511 894
1512 903
1513 865
1514 887
1515 858
1516 898
1517 884
1518 858
1519 889
1520 902
1521 908
1522 948
1523 893
1524 885
1525 929
1526 881
1527 904
1528 917
1529 859
1530 893
1531 889
1532 912
1533 870
1534 871
1535 817
1536 931
1537 895
1538 860
1539 857
1540 914
1541 862
1542 863
1543 949
1544 854
1545 865
1546 869
1547 853
1548 843
1549 862
1550 827
1551 881
1552 848
1553 890
1554 851
1555 845
1556 809
1557 869
1558 902
1559 904
1560 912
1561 870
1562 876
1563 852
1564 846
1565 847
1566 861
1567 867
1568 870
1569 903
1570 850
1571 943
1572 864
1573 864
1574 875
1575 862
1576 804
1577 908
1578 941
1579 912
1580 879
1581 922
1582 901
1583 909
1584 865
1585 843
1586 869
1587 883
1588 924
1589 862
1590 833
1591 903
1592 860
1593 832
1594 833
1595 903
1596 852
1597 841
1598 875
1599 848
1600 914
1601 831
1602 882
1603 921
1604 868
1605 861
1606 875
1607 894
1608 830
1609 927
1610 913
1611 908
1612 840
1613 846
1614 799
1615 825
1616 857
1617 852
1618 866
1619 849
1620 881
1621 873
1622 851
1623 843
1624 814
1625 860
1626 856
1627 899
1628 847
1629 834
1630 889
1631 883
1632 862
1633 829
1634 896
1635 926
1636 857
1637 873
1638 850
1639 843
1640 909
1641 850
1642 882
1643 865
1644 872
1645 889
1646 842
1647 940
1648 882
1649 850
1650 933
1651 838
1652 889
1653 921
1654 906
1655 855
1656 833
1657 899
1658 899
1659 831
1660 880
1661 865
1662 845
1663 901
1664 849
1665 862
1666 896
1667 840
1668 820
1669 850
1670 829
1671 820
1672 850
1673 901
1674 896
1675 888
1676 859
1677 837
1678 846
1679 821
1680 882
1681 850
1682 849
1683 868
1684 844
1685 900
1686 892
1687 899
1688 932
1689 850
1690 857
1691 855
1692 880
1693 875
1694 824
1695 831
1696 853
1697 873
1698 889
1699 867
1700 900
1701 867
1702 884
1703 943
1704 830
1705 856
1706 871
1707 857
1708 968
1709 916
1710 872
1711 818
1712 868
1713 813
1714 839
1715 905
1716 881
1717 859
1718 870
1719 873
1720 833
1721 898
1722 830
1723 933
1724 811
1725 882
1726 810
1727 886
1728 794
1729 831
1730 905
1731 853
1732 897
1733 874
1734 919
1735 863
1736 852
1737 857
1738 853
1739 846
1740 874
1741 844
1742 879
1743 906
1744 852
1745 880
1746 936
1747 870
1748 872
1749 851
1750 878
1751 843
1752 835
1753 849
1754 867
1755 850
1756 865
1757 867
1758 821
1759 860
1760 822
1761 807
1762 824
1763 868
1764 891
1765 850
1766 826
1767 822
1768 814
1769 885
1770 853
1771 860
1772 838
1773 851
1774 895
1775 890
1776 916
1777 879
1778 881
1779 856
1780 882
1781 825
1782 917
1783 911
1784 848
1785 864
1786 841
1787 868
1788 877
1789 807
1790 893
1791 856
1792 882
1793 861
1794 862
1795 849
1796 831
1797 865
1798 821
1799 877
1800 874
1801 833
1802 834
1803 871
1804 832
1805 842
1806 866
1807 812
1808 902
1809 836
1810 814
1811 894
1812 860
1813 826
1814 811
1815 874
1816 853
1817 848
1818 847
1819 856
1820 926
1821 837
1822 833
1823 850
1824 789
1825 818
1826 862
1827 894
1828 848
1829 810
1830 853
1831 755
1832 840
1833 868
1834 899
1835 794
1836 845
1837 852
1838 823
1839 872
1840 813
1841 835
1842 848
1843 824
1844 839
1845 848
1846 794
1847 806
1848 834
1849 822
1850 807
1851 838
1852 800
1853 795
1854 804
1855 757
1856 853
1857 861
1858 814
1859 783
1860 775
1861 859
1862 782
1863 834
1864 799
1865 788
1866 795
1867 795
1868 812
1869 766
1870 704
1871 845
1872 789
1873 790
1874 735
1875 807
1876 811
1877 791
1878 766
1879 836
1880 830
1881 843
1882 816
1883 771
1884 832
1885 770
1886 852
1887 809
1888 782
1889 803
1890 744
1891 839
1892 774
1893 785
1894 790
1895 795
1896 806
1897 772
1898 771
1899 784
1900 784
1901 778
1902 790
1903 815
1904 815
1905 713
1906 809
1907 719
1908 764
1909 817
1910 757
1911 816
1912 719
1913 763
1914 737
1915 798
1916 773
1917 768
1918 774
1919 780
1920 748
1921 781
1922 742
1923 827
1924 751
1925 812
1926 758
1927 739
1928 766
1929 764
1930 709
1931 785
1932 752
1933 764
1934 728
1935 762
1936 769
1937 728
1938 729
1939 757
1940 749
1941 752
1942 736
1943 754
1944 763
1945 696
1946 765
1947 756
1948 752
1949 759
1950 761
1951 695
1952 747
1953 744
1954 759
1955 806
1956 769
1957 779
1958 737
1959 693
1960 731
1961 774
1962 740
1963 766
1964 708
1965 772
1966 766
1967 682
1968 683
1969 760
1970 758
1971 698
1972 751
1973 754
1974 770
1975 738
1976 762
1977 710
1978 708
1979 695
1980 696
1981 745
1982 742
1983 710
1984 730
1985 691
1986 768
1987 715
1988 736
1989 669
1990 683
1991 689
1992 712
1993 698
1994 758
1995 691
1996 688
1997 693
1998 764
1999 680
2000 656
2001 704
2002 695
2003 671
2004 641
2005 712
2006 663
2007 718
2008 711
2009 684
2010 672
2011 658
2012 664
2013 649
2014 681
2015 673
2016 663
2017 631
2018 660
2019 661
2020 692
2021 686
2022 675
2023 597
2024 639
2025 670
2026 631
2027 677
2028 619
2029 605
2030 650
2031 624
2032 645
2033 629
2034 634
2035 638
2036 644
2037 647
2038 614
2039 681
2040 658
2041 631
2042 658
2043 590
2044 595
2045 621
2046 625
2047 662
2048 668
2049 657
2050 656
2051 657
2052 612
2053 654
2054 658
2055 678
2056 627
2057 604
2058 636
2059 616
2060 612
2061 602
2062 681
2063 586
2064 604
2065 590
2066 629
2067 576
2068 626
2069 594
2070 661
2071 597
2072 589
2073 553
2074 616
2075 576
2076 619
2077 600
2078 605
2079 597
2080 576
2081 590
2082 588
2083 555
2084 558
2085 592
2086 595
2087 569
2088 614
2089 577
2090 596
2091 607
2092 597
2093 627
2094 562
2095 568
2096 608
2097 605
2098 569
2099 641
2100 583
2101 580
2102 594
2103 582
2104 559
2105 599
2106 578
2107 550
2108 566
2109 574
2110 612
2111 545
2112 566
2113 556
2114 561
2115 572
2116 546
2117 552
2118 553
2119 540
2120 550
2121 551
2122 565
2123 540
2124 596
2125 586
2126 572
2127 498
2128 551
2129 495
2130 569
2131 605
2132 571
2133 548
2134 532
2135 515
2136 551
2137 534
2138 548
2139 524
2140 526
2141 525
2142 538
2143 557
2144 520
2145 526
2146 574
2147 507
2148 572
2149 537
2150 519
2151 508
2152 503
2153 515
2154 512
2155 551
2156 537
2157 550
2158 531
2159 556
2160 516
2161 523
2162 495
2163 534
2164 576
2165 522
2166 543
2167 539
2168 517
2169 498
2170 491
2171 481
2172 499
2173 481
2174 533
2175 482
2176 488
2177 537
2178 542
2179 475
2180 484
2181 458
2182 436
2183 492
2184 482
2185 507
2186 492
2187 475
2188 486
2189 492
2190 500
2191 450
2192 492
2193 487
2194 492
2195 487
2196 441
2197 458
2198 513
2199 438
2200 512
2201 456
2202 458
2203 453
2204 454
2205 461
2206 424
2207 470
2208 464
2209 483
2210 436
2211 464
2212 459
2213 476
2214 463
2215 449
2216 450
2217 469
2218 442
2219 464
2220 437
2221 467
2222 422
2223 438
2224 468
2225 400
2226 514
2227 467
2228 419
2229 426
2230 434
2231 422
2232 452
2233 445
2234 451
2235 415
2236 420
2237 432
2238 433
2239 428
2240 424
2241 420
2242 395
2243 402
2244 454
2245 405
2246 413
2247 412
2248 448
2249 407
2250 401
2251 409
2252 413
2253 417
2254 413
2255 420
2256 413
2257 418
2258 427
2259 398
2260 404
2261 419
2262 438
2263 422
2264 411
2265 449
2266 434
2267 417
2268 374
2269 422
2270 444
2271 422
2272 409
2273 409
2274 408
2275 399
2276 417
2277 411
2278 419
2279 396
2280 407
2281 386
2282 431
2283 403
2284 397
2285 371
2286 397
2287 392
2288 378
2289 405
2290 410
2291 375
2292 391
2293 405
2294 397
2295 394
2296 379
2297 416
2298 346
2299 402
2300 415
2301 407
2302 376
2303 365
2304 400
2305 420
2306 382
2307 414
2308 408
2309 389
2310 391
2311 393
2312 366
2313 407
2314 369
2315 386
2316 384
2317 378
2318 417
2319 373
2320 376
2321 389
2322 362
2323 418
2324 409
2325 409
2326 398
2327 396
2328 354
2329 402
2330 394
2331 376
2332 384
2333 396
2334 366
2335 386
2336 395
2337 372
2338 360
2339 363
2340 434
2341 388
2342 371
2343 387
2344 396
2345 397
2346 381
2347 402
2348 380
2349 378
2350 375
2351 358
2352 378
2353 348
2354 386
2355 331
2356 382
2357 358
2358 373
2359 378
2360 367
2361 379
2362 402
2363 375
2364 382
2365 394
2366 360
2367 369
2368 377
2369 341
2370 346
2371 357
2372 349
2373 345
2374 353
2375 392
2376 367
2377 399
2378 353
2379 376
2380 372
2381 344
2382 364
2383 367
2384 379
2385 381
2386 340
2387 391
2388 350
2389 346
2390 357
2391 373
2392 356
2393 324
2394 355
2395 370
2396 361
2397 356
2398 350
2399 367
2400 334
2401 360
2402 352
2403 338
2404 376
2405 366
2406 374
2407 345
2408 371
2409 379
2410 357
2411 347
2412 352
2413 331
2414 341
2415 310
2416 353
2417 372
2418 330
2419 339
2420 337
2421 336
2422 363
2423 371
2424 346
2425 335
2426 360
2427 338
2428 326
2429 327
2430 347
2431 346
2432 322
2433 329
2434 330
2435 333
2436 345
2437 345
2438 338
2439 338
2440 324
2441 350
2442 358
2443 316
2444 333
2445 332
2446 360
2447 312
2448 336
2449 356
2450 327
2451 317
2452 330
2453 327
2454 359
2455 323
2456 347
2457 336
2458 326
2459 369
2460 341
2461 346
2462 311
2463 338
2464 326
2465 327
2466 364
2467 327
2468 329
2469 331
2470 305
2471 326
2472 335
2473 309
2474 328
2475 330
2476 282
2477 298
2478 301
2479 315
2480 304
2481 300
2482 316
2483 329
2484 320
2485 314
2486 327
2487 319
2488 324
2489 313
2490 306
2491 307
2492 334
2493 337
2494 282
2495 322
2496 307
2497 340
2498 307
2499 336
2500 298
2501 316
2502 328
2503 315
2504 299
2505 297
2506 326
2507 306
2508 290
2509 323
2510 306
2511 309
2512 318
2513 314
2514 296
2515 335
2516 305
2517 328
2518 314
2519 356
2520 314
2521 299
2522 308
2523 298
2524 332
2525 280
2526 287
2527 312
2528 299
2529 282
2530 329
2531 304
2532 314
2533 311
2534 291
2535 338
2536 310
2537 303
2538 306
2539 288
2540 305
2541 308
2542 302
2543 315
2544 307
2545 297
2546 304
2547 289
2548 287
2549 299
2550 299
2551 299
2552 308
2553 279
2554 286
2555 306
2556 304
2557 292
2558 308
2559 292
2560 313
2561 298
2562 352
2563 265
2564 292
2565 303
2566 276
2567 273
2568 306
2569 270
2570 290
2571 327
2572 315
2573 305
2574 276
2575 294
2576 289
2577 300
2578 283
2579 320
2580 288
2581 272
2582 286
2583 296
2584 297
2585 298
2586 286
2587 307
2588 303
2589 284
2590 297
2591 302
2592 292
2593 305
2594 258
2595 236
2596 275
2597 310
2598 285
2599 294
2600 311
2601 286
2602 280
2603 289
2604 287
2605 288
2606 287
2607 289
2608 286
2609 287
2610 314
2611 279
2612 275
2613 259
2614 281
2615 292
2616 255
2617 296
2618 313
2619 293
2620 277
2621 302
2622 282
2623 282
2624 302
2625 312
2626 269
2627 287
2628 279
2629 288
2630 304
2631 272
2632 253
2633 286
2634 286
2635 301
2636 279
2637 293
2638 264
2639 274
2640 273
2641 299
2642 285
2643 262
2644 275
2645 296
2646 269
2647 265
2648 283
2649 303
2650 251
2651 289
2652 268
2653 304
2654 268
2655 290
2656 289
2657 271
2658 294
2659 249
2660 281
2661 305
2662 263
2663 262
2664 248
2665 307
2666 288
2667 270
2668 307
2669 294
2670 267
2671 266
2672 283
2673 257
2674 274
2675 272
2676 280
2677 270
2678 257
2679 288
2680 262
2681 251
2682 275
2683 291
2684 277
2685 274
2686 268
2687 275
2688 249
2689 326
2690 250
2691 289
2692 254
2693 260
2694 278
2695 260
2696 270
2697 251
2698 249
2699 271
2700 283
2701 230
2702 254
2703 286
2704 293
2705 269
2706 247
2707 279
2708 289
2709 254
2710 294
2711 268
2712 256
2713 254
2714 253
2715 297
2716 232
2717 247
2718 271
2719 282
2720 252
2721 242
2722 267
2723 273
2724 264
2725 265
2726 277
2727 236
2728 256
2729 273
2730 270
2731 283
2732 246
2733 251
2734 287
2735 266
2736 248
2737 266
2738 271
2739 299
2740 269
2741 287
2742 285
2743 273
2744 267
2745 254
2746 249
2747 228
2748 286
2749 267
2750 250
2751 271
2752 275
2753 253
2754 248
2755 265
2756 263
2757 252
2758 274
2759 280
2760 260
2761 235
2762 286
2763 259
2764 272
2765 289
2766 239
2767 247
2768 255
2769 263
2770 245
2771 278
2772 264
2773 240
2774 238
2775 260
2776 250
2777 285
2778 264
2779 265
2780 251
2781 238
2782 271
2783 252
2784 226
2785 245
2786 232
2787 264
2788 256
2789 267
2790 260
2791 253
2792 256
2793 233
2794 257
2795 306
2796 250
2797 269
2798 231
2799 261
2800 235
2801 249
2802 249
2803 252
2804 243
2805 252
2806 237
2807 250
2808 244
2809 274
2810 257
2811 244
2812 284
2813 243
2814 286
2815 270
2816 250
2817 245
2818 265
2819 256
2820 257
2821 265
2822 230
2823 221
2824 241
2825 221
2826 239
2827 242
2828 242
2829 243
2830 210
2831 248
2832 254
2833 237
2834 278
2835 256
2836 250
2837 243
2838 219
2839 244
2840 263
2841 261
2842 232
2843 251
2844 269
2845 220
2846 260
2847 260
2848 262
2849 243
2850 243
2851 263
2852 234
2853 265
2854 217
2855 226
2856 248
2857 234
2858 240
2859 251
2860 236
2861 225
2862 231
2863 268
2864 230
2865 234
2866 255
2867 230
2868 215
2869 230
2870 223
2871 231
2872 257
2873 219
2874 252
2875 242
2876 222
2877 196
2878 232
2879 223
2880 238
2881 260
2882 236
2883 228
2884 205
2885 269
2886 220
2887 232
2888 218
2889 229
2890 219
2891 211
2892 234
2893 268
2894 234
2895 240
2896 219
2897 248
2898 233
2899 265
2900 223
2901 240
2902 219
2903 235
2904 205
2905 240
2906 221
2907 249
2908 221
2909 225
2910 213
2911 249
2912 233
2913 251
2914 235
2915 261
2916 226
2917 246
2918 234
2919 256
2920 204
2921 217
2922 219
2923 228
2924 215
2925 201
2926 218
2927 212
2928 203
2929 227
2930 210
2931 216
2932 216
2933 217
2934 254
2935 203
2936 215
2937 236
2938 226
2939 204
2940 219
2941 217
2942 212
2943 216
2944 236
2945 237
2946 212
2947 191
2948 198
2949 224
2950 193
2951 222
2952 216
2953 233
2954 207
2955 229
2956 231
2957 227
2958 218
2959 235
2960 222
2961 224
2962 230
2963 221
2964 219
2965 242
2966 234
2967 219
2968 198
2969 238
2970 224
2971 199
2972 223
2973 219
2974 215
2975 227
2976 234
2977 201
2978 235
2979 241
2980 202
2981 240
2982 216
2983 251
2984 229
2985 219
2986 195
2987 212
2988 208
2989 230
2990 243
2991 209
2992 210
2993 219
2994 237
2995 214
2996 208
2997 206
2998 219
2999 212
3000 233
3001 214
3002 229
3003 215
3004 193
3005 230
3006 201
3007 204
3008 210
3009 228
3010 215
3011 188
3012 209
3013 218
3014 221
3015 191
3016 189
3017 198
3018 213
3019 189
3020 202
3021 210
3022 216
3023 226
3024 177
3025 214
3026 202
3027 202
3028 219
3029 200
3030 225
3031 204
3032 212
3033 208
3034 217
3035 224
3036 231
3037 203
3038 200
3039 213
3040 196
3041 210
3042 188
3043 195
3044 241
3045 203
3046 208
3047 214
3048 173
3049 179
3050 203
3051 239
3052 185
3053 199
3054 223
3055 189
3056 203
3057 210
3058 212
3059 182
3060 194
3061 188
3062 198
3063 185
3064 205
3065 204
3066 231
3067 193
3068 201
3069 200
3070 194
3071 191
3072 210
3073 201
3074 193
3075 187
3076 218
3077 186
3078 216
3079 172
3080 213
3081 228
3082 207
3083 197
3084 216
3085 239
3086 227
3087 195
3088 212
3089 197
3090 192
3091 215
3092 195
3093 199
3094 215
3095 209
3096 195
3097 195
3098 198
3099 198
3100 226
3101 199
3102 199
3103 215
3104 202
3105 184
3106 222
3107 186
3108 199
3109 196
3110 202
3111 182
3112 188
3113 192
3114 189
3115 187
3116 184
3117 194
3118 187
3119 201
3120 223
3121 199
3122 193
3123 203
3124 193
3125 198
3126 190
3127 211
3128 190
3129 190
3130 221
3131 182
3132 192
3133 197
3134 196
3135 206
3136 191
3137 209
3138 194
3139 211
3140 187
3141 186
3142 191
3143 217
3144 175
3145 213
3146 209
3147 207
3148 196
3149 191
3150 202
3151 196
3152 196
3153 206
3154 197
3155 193
3156 161
3157 157
3158 178
3159 194
3160 186
3161 218
3162 190
3163 199
3164 180
3165 185
3166 184
3167 196
3168 211
3169 208
3170 197
3171 184
3172 190
3173 187
3174 187
3175 183
3176 188
3177 206
3178 178
3179 167
3180 177
3181 189
3182 186
3183 173
3184 207
3185 166
3186 160
3187 179
3188 187
3189 189
3190 197
3191 181
3192 179
3193 197
3194 188
3195 201
3196 174
3197 168
3198 176
3199 169
3200 162
3201 209
3202 175
3203 150
3204 189
3205 178
3206 200
3207 175
3208 195
3209 193
3210 187
3211 180
3212 204
3213 164
3214 183
3215 180
3216 177
3217 157
3218 194
3219 172
3220 178
3221 186
3222 197
3223 177
3224 183
3225 172
3226 179
3227 174
3228 173
3229 171
3230 171
3231 169
3232 191
3233 179
3234 184
3235 169
3236 196
3237 193
3238 178
3239 185
3240 185
3241 162
3242 170
3243 173
3244 147
3245 173
3246 213
3247 185
3248 177
3249 158
3250 188
3251 161
3252 170
3253 177
3254 176
3255 172
3256 187
3257 180
3258 179
3259 191
3260 160
3261 178
3262 194
3263 178
3264 201
3265 171
3266 181
3267 168
3268 180
3269 172
3270 185
3271 153
3272 180
3273 180
3274 183
3275 176
3276 172
3277 152
3278 174
3279 147
3280 167
3281 156
3282 164
3283 163
3284 195
3285 162
3286 171
3287 169
3288 169
3289 178
3290 180
3291 163
3292 163
3293 150
3294 181
3295 162
3296 153
3297 191
3298 192
3299 154
3300 156
3301 194
3302 174
3303 175
3304 181
3305 169
3306 164
3307 155
3308 155
3309 172
3310 156
3311 155
3312 168
3313 151
3314 166
3315 160
3316 171
3317 171
3318 154
3319 139
3320 169
3321 175
3322 173
3323 174
3324 167
3325 157
3326 132
3327 154
3328 161
3329 180
3330 178
3331 144
3332 153
3333 169
3334 141
3335 153
3336 163
3337 158
3338 144
3339 142
3340 155
3341 184
3342 167
3343 152
3344 161
3345 177
3346 175
3347 165
3348 152
3349 163
3350 166
3351 172
3352 163
3353 157
3354 155
3355 170
3356 158
3357 165
3358 168
3359 142
3360 182
3361 166
3362 158
3363 153
3364 143
3365 169
3366 142
3367 153
3368 148
3369 169
3370 158
3371 167
3372 170
3373 168
3374 159
3375 161
3376 156
3377 178
3378 155
3379 169
3380 196
3381 149
3382 156
3383 186
3384 172
3385 168
3386 155
3387 186
3388 150
3389 176
3390 161
3391 150
3392 154
3393 148
3394 177
3395 148
3396 170
3397 155
3398 165
3399 174
3400 155
3401 150
3402 149
3403 180
3404 162
3405 170
3406 175
3407 156
3408 151
3409 178
3410 153
3411 173
3412 188
3413 171
3414 159
3415 169
3416 128
3417 154
3418 163
3419 137
3420 138
3421 148
3422 149
3423 150
3424 143
3425 168
3426 159
3427 150
3428 130
3429 154
3430 159
3431 161
3432 142
3433 153
3434 164
3435 127
3436 161
3437 148
3438 184
3439 137
3440 149
3441 170
3442 150
3443 164
3444 152
3445 153
3446 171
3447 171
3448 161
3449 142
3450 137
3451 130
3452 154
3453 157
3454 165
3455 150
3456 138
3457 173
3458 145
3459 167
3460 171
3461 145
3462 142
3463 167
3464 142
3465 172
3466 162
3467 156
3468 150
3469 146
3470 131
3471 145
3472 137
3473 128
3474 151
3475 166
3476 136
3477 170
3478 150
3479 144
3480 144
3481 137
3482 158
3483 168
3484 138
3485 135
3486 127
3487 149
3488 167
3489 132
3490 162
3491 153
3492 144
3493 170
3494 149
3495 138
3496 158
3497 153
3498 150
3499 179
3500 165
3501 161
3502 143
3503 148
3504 157
3505 133
3506 144
3507 166
3508 143
3509 157
3510 159
3511 122
3512 127
3513 152
3514 174
3515 153
3516 170
3517 152
3518 133
3519 134
3520 139
3521 142
3522 160
3523 170
3524 129
3525 151
3526 139
3527 118
3528 151
3529 165
3530 152
3531 137
3532 137
3533 132
3534 147
3535 174
3536 148
3537 137
3538 161
3539 133
3540 137
3541 146
3542 170
3543 132
3544 147
3545 149
3546 146
3547 134
3548 149
3549 128
3550 142
3551 144
3552 138
3553 156
3554 153
3555 133
3556 151
3557 155
3558 137
3559 143
3560 147
3561 157
3562 146
3563 138
3564 136
3565 143
3566 141
3567 144
3568 146
3569 127
3570 154
3571 132
3572 137
3573 134
3574 117
3575 139
3576 150
3577 151
3578 152
3579 152
3580 146
3581 140
3582 149
3583 153
3584 129
3585 141
3586 144
3587 145
3588 152
3589 119
3590 142
3591 125
3592 145
3593 137
3594 122
3595 122
3596 133
3597 137
3598 139
3599 133
3600 138
3601 153
3602 126
3603 141
3604 148
3605 125
3606 130
3607 141
3608 137
3609 142
3610 136
3611 116
3612 137
3613 139
3614 147
3615 126
3616 130
3617 126
3618 169
3619 142
3620 145
3621 139
3622 149
3623 121
3624 134
3625 124
3626 139
3627 112
3628 128
3629 142
3630 125
3631 96
3632 120
3633 144
3634 138
3635 131
3636 135
3637 137
3638 135
3639 141
3640 132
3641 142
3642 120
3643 125
3644 123
3645 127
3646 151
3647 141
3648 126
3649 157
3650 140
3651 139
3652 122
3653 125
3654 141
3655 135
3656 130
3657 141
3658 130
3659 117
3660 133
3661 129
3662 131
3663 133
3664 141
3665 152
3666 143
3667 156
3668 154
3669 122
3670 136
3671 123
3672 135
3673 121
3674 147
3675 151
3676 116
3677 157
3678 124
3679 115
3680 128
3681 146
3682 128
3683 132
3684 128
3685 133
3686 145
3687 156
3688 139
3689 116
3690 130
3691 114
3692 138
3693 132
3694 142
3695 124
3696 128
3697 133
3698 132
3699 134
3700 154
3701 140
3702 155
3703 119
3704 146
3705 129
3706 115
3707 156
3708 142
3709 152
3710 141
3711 145
3712 116
3713 113
3714 159
3715 135
3716 156
3717 111
3718 131
3719 137
3720 140
3721 143
3722 139
3723 136
3724 126
3725 127
3726 134
3727 124
3728 126
3729 123
3730 121
3731 131
3732 119
3733 131
3734 126
3735 143
3736 117
3737 126
3738 124
3739 142
3740 119
3741 134
3742 124
3743 126
3744 137
3745 139
3746 130
3747 136
3748 139
3749 106
3750 117
3751 123
3752 121
3753 143
3754 123
3755 115
3756 123
3757 117
3758 142
3759 141
3760 127
3761 128
3762 136
3763 140
3764 132
3765 116
3766 117
3767 110
3768 127
3769 137
3770 122
3771 152
3772 111
3773 105
3774 118
3775 141
3776 131
3777 119
3778 126
3779 135
3780 120
3781 131
3782 129
3783 142
3784 131
3785 126
3786 136
3787 127
3788 129
3789 116
3790 125
3791 122
3792 133
3793 116
3794 126
3795 149
3796 122
3797 135
3798 113
3799 117
3800 120
3801 130
3802 120
3803 126
3804 144
3805 135
3806 124
3807 142
3808 121
3809 147
3810 116
3811 131
3812 103
3813 125
3814 122
3815 126
3816 127
3817 129
3818 115
3819 123
3820 142
3821 143
3822 123
3823 105
3824 136
3825 119
3826 132
3827 131
3828 113
3829 128
3830 119
3831 126
3832 122
3833 134
3834 117
3835 119
3836 131
3837 120
3838 126
3839 139
3840 121
3841 116
3842 124
3843 121
3844 116
3845 110
3846 129
3847 133
3848 102
3849 103
3850 104
3851 129
3852 131
3853 124
3854 129
3855 127
3856 129
3857 112
3858 117
3859 127
3860 120
3861 121
3862 108
3863 140
3864 106
3865 114
3866 110
3867 128
3868 112
3869 121
3870 116
3871 120
3872 135
3873 105
3874 127
3875 120
3876 127
3877 119
3878 120
3879 122
3880 133
3881 148
3882 118
3883 124
3884 127
3885 133
3886 109
3887 121
3888 100
3889 112
3890 110
3891 128
3892 120
3893 105
3894 152
3895 97
3896 103
3897 128
3898 111
3899 118
3900 124
3901 113
3902 116
3903 109
3904 139
3905 107
3906 115
3907 114
3908 119
3909 111
3910 117
3911 116
3912 119
3913 113
3914 116
3915 127
3916 125
3917 115
3918 146
3919 115
3920 125
3921 107
3922 118
3923 114
3924 119
3925 125
3926 111
3927 123
3928 113
3929 131
3930 121
3931 127
3932 123
3933 112
3934 127
3935 106
3936 120
3937 132
3938 121
3939 121
3940 134
3941 108
3942 136
3943 113
3944 118
3945 108
3946 119
3947 125
3948 106
3949 100
3950 116
3951 111
3952 137
3953 130
3954 118
3955 118
3956 104
3957 123
3958 137
3959 123
3960 113
3961 126
3962 127
3963 121
3964 120
3965 104
3966 125
3967 102
3968 116
3969 129
3970 112
3971 111
3972 112
3973 122
3974 130
3975 116
3976 113
3977 117
3978 125
3979 139
3980 100
3981 128
3982 110
3983 124
3984 84
3985 120
3986 105
3987 124
3988 129
3989 113
3990 120
3991 125
3992 120
3993 110
3994 122
3995 136
3996 118
3997 115
3998 130
3999 110
4000 138
4001 125
4002 138
4003 106
4004 116
4005 116
4006 120
4007 125
4008 103
4009 123
4010 126
4011 106
4012 110
4013 150
4014 112
4015 119
4016 119
4017 108
4018 130
4019 118
4020 114
4021 109
4022 103
4023 105
4024 113
4025 119
4026 126
4027 114
4028 131
4029 115
4030 116
4031 120
4032 104
4033 111
4034 122
4035 120
4036 122
4037 108
4038 118
4039 115
4040 101
4041 136
4042 89
4043 112
4044 113
4045 132
4046 110
4047 112
4048 114
4049 115
4050 103
4051 105
4052 113
4053 130
4054 128
4055 119
4056 134
4057 123
4058 97
4059 83
4060 105
4061 124
4062 107
4063 136
4064 99
4065 109
4066 112
4067 104
4068 116
4069 119
4070 131
4071 120
4072 110
4073 124
4074 114
4075 82
4076 116
4077 123
4078 131
4079 115
4080 125
4081 121
4082 115
4083 111
4084 112
4085 119
4086 111
4087 130
4088 114
4089 105
4090 103
4091 100
4092 112
4093 110
4094 99
4095 103
4096 106
4097 125
4098 113
4099 124
4100 108
4101 108
4102 110
4103 116
4104 103
4105 115
4106 104
4107 114
4108 131
4109 111
4110 125
4111 122
4112 116
4113 122
4114 119
4115 97
4116 109
4117 113
4118 117
4119 125
4120 103
4121 84
4122 97
4123 104
4124 104
4125 96
4126 107
4127 109
4128 110
4129 114
4130 110
4131 117
4132 116
4133 113
4134 114
4135 115
4136 111
4137 110
4138 99
4139 117
4140 120
4141 115
4142 109
4143 107
4144 85
4145 101
4146 126
4147 96
4148 108
4149 116
4150 143
4151 90
4152 104
4153 110
4154 111
4155 125
4156 99
4157 81
4158 116
4159 97
4160 108
4161 108
4162 109
4163 119
4164 108
4165 114
4166 98
4167 111
4168 119
4169 110
4170 108
4171 115
4172 96
4173 110
4174 101
4175 93
4176 107
4177 107
4178 106
4179 116
4180 126
4181 109
4182 95
4183 105
4184 91
4185 99
4186 95
4187 93
4188 94
4189 87
4190 98
4191 96
4192 102
4193 112
4194 118
4195 99
4196 103
4197 90
4198 103
4199 115
4200 101
4201 106
4202 101
4203 88
4204 119
4205 101
4206 90
4207 119
4208 115
4209 90
4210 98
4211 101
4212 77
4213 107
4214 114
4215 123
4216 109
4217 100
4218 92
4219 104
4220 120
4221 109
4222 114
4223 111
4224 95
4225 93
4226 100
4227 102
4228 121
4229 123
4230 107
4231 114
4232 90
4233 120
4234 105
4235 102
4236 99
4237 78
4238 107
4239 99
4240 89
4241 116
4242 94
4243 79
4244 106
4245 102
4246 107
4247 111
4248 103
4249 89
4250 98
4251 99
4252 108
4253 101
4254 95
4255 96
4256 116
4257 106
4258 99
4259 96
4260 103
4261 100
4262 114
4263 88
4264 99
4265 106
4266 95
4267 120
4268 104
4269 97
4270 99
4271 102
4272 105
4273 110
4274 102
4275 103
4276 108
4277 107
4278 89
4279 87
4280 135
4281 110
4282 100
4283 105
4284 97
4285 100
4286 117
4287 87
4288 103
4289 104
4290 112
4291 99
4292 95
4293 87
4294 121
4295 106
4296 100
4297 105
4298 94
4299 108
4300 110
4301 104
4302 116
4303 98
4304 106
4305 127
4306 105
4307 93
4308 118
4309 103
4310 91
4311 108
4312 97
4313 100
4314 91
4315 94
4316 109
4317 119
4318 114
4319 95
4320 85
4321 79
4322 102
4323 84
4324 90
4325 103
4326 99
4327 103
4328 85
4329 103
4330 104
4331 104
4332 88
4333 108
4334 104
4335 106
4336 99
4337 91
4338 103
4339 111
4340 105
4341 105
4342 89
4343 107
4344 103
4345 99
4346 105
4347 112
4348 77
4349 92
4350 98
4351 112
4352 82
4353 108
4354 105
4355 88
4356 87
4357 95
4358 95
4359 97
4360 115
4361 100
4362 93
4363 91
4364 101
4365 91
4366 90
4367 109
4368 109
4369 110
4370 78
4371 100
4372 104
4373 108
4374 98
4375 119
4376 95
4377 93
4378 92
4379 103
4380 93
4381 104
4382 85
4383 93
4384 112
4385 98
4386 123
4387 72
4388 95
4389 107
4390 93
4391 86
4392 83
4393 97
4394 79
4395 96
4396 86
4397 88
4398 109
4399 94
4400 103
4401 102
4402 111
4403 107
4404 100
4405 94
4406 89
4407 88
4408 102
4409 112
4410 78
4411 106
4412 102
4413 84
4414 94
4415 105
4416 101
4417 87
4418 91
4419 101
4420 113
4421 98
4422 92
4423 93
4424 93
4425 83
4426 115
4427 99
4428 104
4429 92
4430 90
4431 85
4432 80
4433 96
4434 100
4435 112
4436 96
4437 89
4438 90
4439 97
4440 104
4441 86
4442 82
4443 96
4444 85
4445 90
4446 96
4447 103
4448 87
4449 79
4450 93
4451 66
4452 109
4453 93
4454 98
4455 85
4456 84
4457 95
4458 91
4459 89
4460 85
4461 103
4462 112
4463 73
4464 86
4465 91
4466 90
4467 100
4468 86
4469 92
4470 87
4471 85
4472 97
4473 100
4474 96
4475 80
4476 87
4477 94
4478 114
4479 81
4480 84
4481 113
4482 73
4483 94
4484 99
4485 96
4486 98
4487 86
4488 95
4489 99
4490 88
4491 99
4492 84
4493 76
4494 90
4495 85
4496 94
4497 81
4498 95
4499 82
4500 103
4501 103
4502 86
4503 100
4504 108
4505 92
4506 82
4507 92
4508 78
4509 93
4510 80
4511 100
4512 83
4513 83
4514 89
4515 93
4516 82
4517 92
4518 84
4519 71
4520 80
4521 97
4522 73
4523 93
4524 77
4525 92
4526 67
4527 87
4528 90
4529 106
4530 76
4531 86
4532 82
4533 83
4534 80
4535 93
4536 79
4537 93
4538 73
4539 102
4540 105
4541 95
4542 82
4543 101
4544 105
4545 98
4546 95
4547 83
4548 99
4549 92
4550 84
4551 72
4552 90
4553 83
4554 73
4555 92
4556 89
4557 90
4558 84
4559 102
4560 73
4561 86
4562 91
4563 92
4564 97
4565 82
4566 99
4567 93
4568 106
4569 94
4570 97
4571 87
4572 79
4573 69
4574 88
4575 92
4576 78
4577 100
4578 75
4579 108
4580 77
4581 85
4582 93
4583 95
4584 89
4585 87
4586 104
4587 84
4588 90
4589 94
4590 94
4591 75
4592 84
4593 86
4594 82
4595 90
4596 83
4597 84
4598 91
4599 91
4600 86
4601 93
4602 94
4603 100
4604 82
4605 100
4606 86
4607 69
4608 100
4609 86
4610 73
4611 82
4612 81
4613 77
4614 75
4615 88
4616 69
4617 87
4618 89
4619 83
4620 77
4621 86
4622 78
4623 88
4624 72
4625 92
4626 84
4627 101
4628 85
4629 85
4630 82
4631 81
4632 89
4633 104
4634 92
4635 84
4636 87
4637 96
4638 86
4639 85
4640 85
4641 80
4642 108
4643 83
4644 75
4645 91
4646 78
4647 77
4648 84
4649 96
4650 78
4651 77
4652 76
4653 73
4654 67
4655 88
4656 83
4657 92
4658 82
4659 84
4660 98
4661 86
4662 101
4663 92
4664 80
4665 84
4666 82
4667 106
4668 77
4669 95
4670 73
4671 89
4672 95
4673 80
4674 87
4675 96
4676 86
4677 84
4678 79
4679 82
4680 96
4681 80
4682 95
4683 94
4684 71
4685 97
4686 85
4687 89
4688 94
4689 97
4690 89
4691 94
4692 78
4693 90
4694 81
4695 65
4696 102
4697 100
4698 84
4699 85
4700 93
4701 87
4702 71
4703 78
4704 69
4705 89
4706 89
4707 80
4708 79
4709 76
4710 83
4711 94
4712 78
4713 79
4714 95
4715 92
4716 84
4717 97
4718 64
4719 72
4720 93
4721 78
4722 77
4723 90
4724 85
4725 84
4726 68
4727 70
4728 87
4729 97
4730 84
4731 76
4732 97
4733 109
4734 96
4735 84
4736 85
4737 85
4738 95
4739 84
4740 60
4741 85
4742 85
4743 92
4744 92
4745 86
4746 77
4747 87
4748 73
4749 69
4750 79
4751 72
4752 75
4753 86
4754 79
4755 90
4756 88
4757 76
4758 79
4759 87
4760 73
4761 87
4762 85
4763 93
4764 64
4765 92
4766 76
4767 89
4768 74
4769 85
4770 82
4771 86
4772 73
4773 88
4774 68
4775 95
4776 112
4777 85
4778 88
4779 63
4780 86
4781 75
4782 79
4783 73
4784 84
4785 95
4786 92
4787 78
4788 86
4789 79
4790 77
4791 84
4792 87
4793 77
4794 85
4795 78
4796 88
4797 74
4798 85
4799 88
4800 70
4801 89
4802 87
4803 86
4804 73
4805 77
4806 76
4807 81
4808 86
4809 100
4810 69
4811 94
4812 65
4813 94
4814 62
4815 89
4816 90
4817 78
4818 79
4819 100
4820 98
4821 74
4822 70
4823 70
4824 77
4825 93
4826 77
4827 90
4828 84
4829 74
4830 85
4831 85
4832 72
4833 75
4834 88
4835 77
4836 89
4837 65
4838 71
4839 90
4840 67
4841 70
4842 85
4843 66
4844 79
4845 72
4846 84
4847 97
4848 64
4849 76
4850 79
4851 79
4852 73
4853 84
4854 76
4855 74
4856 89
4857 66
4858 90
4859 103
4860 92
4861 84
4862 84
4863 62
4864 86
4865 76
4866 77
4867 72
4868 80
4869 82
4870 84
4871 60
4872 77
4873 82
4874 76
4875 70
4876 68
4877 79
4878 82
4879 76
4880 83
4881 85
4882 68
4883 65
4884 72
4885 73
4886 81
4887 84
4888 65
4889 64
4890 77
4891 73
4892 89
4893 81
4894 69
4895 92
4896 85
4897 89
4898 86
4899 72
4900 81
4901 85
4902 86
4903 102
4904 67
4905 74
4906 82
4907 62
4908 89
4909 72
4910 62
4911 78
4912 71
4913 85
4914 89
4915 88
4916 88
4917 62
4918 72
4919 82
4920 75
4921 71
4922 63
4923 67
4924 63
4925 84
4926 82
4927 95
4928 88
4929 80
4930 88
4931 77
4932 73
4933 76
4934 70
4935 85
4936 96
4937 85
4938 71
4939 80
4940 70
4941 86
4942 78
4943 88
4944 91
4945 71
4946 73
4947 91
4948 77
4949 86
4950 80
4951 81
4952 95
4953 89
4954 74
4955 88
4956 92
4957 88
4958 77
4959 63
4960 63
4961 76
4962 87
4963 81
4964 91
4965 88
4966 77
4967 60
4968 92
4969 66
4970 77
4971 80
4972 72
4973 65
4974 80
4975 78
4976 67
4977 85
4978 90
4979 96
4980 87
4981 76
4982 81
4983 92
4984 91
4985 90
4986 79
4987 82
4988 84
4989 66
4990 87
4991 76
4992 76
4993 69
4994 65
4995 84
4996 72
4997 61
4998 73
4999 90
5000 86
5001 60
5002 75
5003 63
5004 75
5005 77
5006 65
5007 63
5008 81
5009 87
5010 77
5011 75
5012 65
5013 81
5014 85
5015 69
5016 67
5017 80
5018 73
5019 81
5020 82
5021 86
5022 71
5023 91
5024 70
5025 73
5026 73
5027 74
5028 84
5029 63
5030 72
5031 82
5032 52
5033 80
5034 66
5035 83
5036 75
5037 73
5038 89
5039 80
5040 64
5041 77
5042 63
5043 86
5044 77
5045 68
5046 87
5047 71
5048 83
5049 76
5050 72
5051 81
5052 60
5053 81
5054 71
5055 70
5056 71
5057 66
5058 83
5059 71
5060 80
5061 85
5062 71
5063 72
5064 88
5065 74
5066 73
5067 65
5068 96
5069 73
5070 77
5071 62
5072 72
5073 74
5074 89
5075 82
5076 85
5077 66
5078 67
5079 66
5080 83
5081 57
5082 73
5083 76
5084 65
5085 70
5086 59
5087 64
5088 82
5089 66
5090 64
5091 67
5092 62
5093 76
5094 83
5095 95
5096 56
5097 81
5098 80
5099 79
5100 75
5101 73
5102 64
5103 90
5104 72
5105 94
5106 66
5107 81
5108 68
5109 82
5110 72
5111 68
5112 76
5113 83
5114 75
5115 74
5116 73
5117 59
5118 81
5119 67
5120 75
5121 63
5122 81
5123 60
5124 64
5125 71
5126 77
5127 75
5128 59
5129 77
5130 58
5131 77
5132 64
5133 63
5134 81
5135 81
5136 66
5137 77
5138 69
5139 84
5140 74
5141 77
5142 58
5143 75
5144 68
5145 87
5146 82
5147 76
5148 88
5149 69
5150 63
5151 64
5152 69
5153 86
5154 90
5155 73
5156 84
5157 62
5158 59
5159 70
5160 72
5161 84
5162 84
5163 90
5164 86
5165 67
5166 88
5167 66
5168 65
5169 71
5170 67
5171 72
5172 71
5173 69
5174 84
5175 74
5176 69
5177 70
5178 65
5179 72
5180 72
5181 68
5182 69
5183 68
5184 88
5185 75
5186 74
5187 75
5188 58
5189 61
5190 71
5191 66
5192 59
5193 69
5194 62
5195 60
5196 67
5197 74
5198 61
5199 75
5200 78
5201 74
5202 76
5203 63
5204 65
5205 82
5206 75
5207 73
5208 67
5209 68
5210 78
5211 62
5212 69
5213 75
5214 65
5215 66
5216 73
5217 63
5218 68
5219 68
5220 67
5221 67
5222 66
5223 59
5224 66
5225 57
5226 65
5227 64
5228 71
5229 69
5230 70
5231 79
5232 69
5233 70
5234 76
5235 71
5236 77
5237 65
5238 77
5239 64
5240 77
5241 62
5242 65
5243 58
5244 61
5245 72
5246 54
5247 80
5248 80
5249 63
5250 66
5251 72
5252 69
5253 80
5254 71
5255 63
5256 67
5257 62
5258 79
5259 81
5260 66
5261 66
5262 74
5263 85
5264 76
5265 76
5266 64
5267 74
5268 67
5269 78
5270 74
5271 54
5272 63
5273 72
5274 56
5275 63
5276 77
5277 80
5278 52
5279 80
5280 60
5281 64
5282 76
5283 67
5284 83
5285 66
5286 61
5287 63
5288 69
5289 53
5290 67
5291 75
5292 85
5293 57
5294 63
5295 72
5296 59
5297 76
5298 67
5299 57
5300 56
5301 87
5302 77
5303 74
5304 83
5305 75
5306 68
5307 80
5308 70
5309 59
5310 74
5311 72
5312 67
5313 68
5314 78
5315 78
5316 63
5317 83
5318 70
5319 76
5320 71
5321 67
5322 72
5323 72
5324 62
5325 83
5326 73
5327 58
5328 72
5329 73
5330 70
5331 75
5332 82
5333 74
5334 69
5335 69
5336 65
5337 67
5338 54
5339 89
5340 60
5341 52
5342 74
5343 69
5344 67
5345 69
5346 72
5347 71
5348 76
5349 56
5350 53
5351 64
5352 73
5353 60
5354 77
5355 82
5356 57
5357 63
5358 66
5359 63
5360 54
5361 59
5362 91
5363 62
5364 73
5365 70
5366 76
5367 68
5368 63
5369 59
5370 61
5371 68
5372 65
5373 79
5374 80
5375 69
5376 72
5377 68
5378 64
5379 64
5380 58
5381 59
5382 62
5383 65
5384 49
5385 71
5386 66
5387 67
5388 88
5389 68
5390 58
5391 58
5392 70
5393 67
5394 53
5395 59
5396 61
5397 55
5398 49
5399 70
5400 65
5401 74
5402 56
5403 63
5404 67
5405 63
5406 79
5407 61
5408 65
5409 57
5410 66
5411 69
5412 57
5413 83
5414 61
5415 69
5416 77
5417 64
5418 51
5419 69
5420 71
5421 58
5422 67
5423 66
5424 66
5425 66
5426 63
5427 70
5428 50
5429 62
5430 76
5431 62
5432 57
5433 48
5434 56
5435 61
5436 57
5437 56
5438 68
5439 69
5440 63
5441 64
5442 54
5443 71
5444 62
5445 64
5446 48
5447 65
5448 71
5449 82
5450 65
5451 74
5452 59
5453 61
5454 74
5455 73
5456 64
5457 69
5458 49
5459 61
5460 74
5461 70
5462 64
5463 64
5464 65
5465 67
5466 65
5467 65
5468 68
5469 72
5470 55
5471 57
5472 72
5473 65
5474 54
5475 72
5476 64
5477 67
5478 69
5479 60
5480 65
5481 53
5482 69
5483 58
5484 79
5485 53
5486 72
5487 64
5488 54
5489 72
5490 56
5491 61
5492 79
5493 75
5494 64
5495 71
5496 57
5497 67
5498 60
5499 66
5500 71
5501 65
5502 65
5503 68
5504 68
5505 69
5506 62
5507 61
5508 47
5509 69
5510 59
5511 61
5512 59
5513 72
5514 74
5515 55
5516 70
5517 79
5518 63
5519 79
5520 43
5521 64
5522 46
5523 75
5524 65
5525 47
5526 61
5527 59
5528 74
5529 63
5530 58
5531 69
5532 52
5533 68
5534 66
5535 67
5536 61
5537 49
5538 61
5539 70
5540 62
5541 64
5542 72
5543 69
5544 69
5545 45
5546 59
5547 63
5548 65
5549 63
5550 70
5551 53
5552 54
5553 60
5554 68
5555 71
5556 76
5557 80
5558 53
5559 64
5560 62
5561 81
5562 67
5563 73
5564 62
5565 84
5566 67
5567 69
5568 57
5569 57
5570 79
5571 61
5572 68
5573 65
5574 74
5575 65
5576 70
5577 67
5578 62
5579 68
5580 66
5581 68
5582 79
5583 61
5584 59
5585 70
5586 46
5587 62
5588 72
5589 69
5590 68
5591 75
5592 60
5593 62
5594 54
5595 56
5596 68
5597 69
5598 71
5599 50
5600 55
5601 68
5602 69
5603 56
5604 62
5605 69
5606 71
5607 71
5608 62
5609 69
5610 76
5611 59
5612 65
5613 58
5614 58
5615 54
5616 66
5617 64
5618 59
5619 56
5620 67
5621 69
5622 64
5623 71
5624 75
5625 58
5626 45
5627 63
5628 54
5629 60
5630 49
5631 70
5632 63
5633 61
5634 57
5635 57
5636 70
5637 72
5638 61
5639 65
5640 54
5641 54
5642 53
5643 62
5644 57
5645 47
5646 61
5647 65
5648 65
5649 57
5650 55
5651 72
5652 57
5653 79
5654 45
5655 62
5656 62
5657 68
5658 54
5659 50
5660 48
5661 77
5662 73
5663 64
5664 53
5665 70
5666 60
5667 70
5668 72
5669 64
5670 61
5671 71
5672 61
5673 58
5674 72
5675 51
5676 63
5677 61
5678 61
5679 51
5680 60
5681 60
5682 59
5683 61
5684 59
5685 66
5686 53
5687 62
5688 52
5689 59
5690 60
5691 62
5692 62
5693 62
5694 56
5695 69
5696 48
5697 54
5698 58
5699 70
5700 62
5701 52
5702 52
5703 61
5704 45
5705 64
5706 59
5707 65
5708 47
5709 68
5710 57
5711 64
5712 59
5713 71
5714 58
5715 62
5716 68
5717 55
5718 62
5719 62
5720 76
5721 54
5722 67
5723 50
5724 53
5725 70
5726 54
5727 56
5728 65
5729 55
5730 56
5731 54
5732 59
5733 48
5734 82
5735 71
5736 40
5737 72
5738 63
5739 61
5740 51
5741 57
5742 60
5743 55
5744 51
5745 73
5746 76
5747 48
5748 65
5749 65
5750 40
5751 64
5752 67
5753 55
5754 68
5755 71
5756 68
5757 65
5758 59
5759 58
5760 59
5761 46
5762 58
5763 62
5764 54
5765 60
5766 46
5767 59
5768 60
5769 56
5770 51
5771 71
5772 55
5773 52
5774 65
5775 50
5776 51
5777 56
5778 56
5779 57
5780 56
5781 63
5782 62
5783 46
5784 48
5785 60
5786 56
5787 53
5788 51
5789 52
5790 66
5791 48
5792 62
5793 56
5794 63
5795 60
5796 60
5797 68
5798 42
5799 63
5800 45
5801 62
5802 58
5803 52
5804 65
5805 53
5806 76
5807 56
5808 61
5809 45
5810 52
5811 51
5812 56
5813 59
5814 70
5815 51
5816 57
5817 66
5818 46
5819 59
5820 65
5821 67
5822 52
5823 51
5824 58
5825 67
5826 56
5827 62
5828 55
5829 76
5830 59
5831 58
5832 64
5833 61
5834 41
5835 68
5836 63
5837 66
5838 54
5839 45
5840 52
5841 60
5842 66
5843 59
5844 67
5845 46
5846 56
5847 54
5848 60
5849 47
5850 45
5851 67
5852 58
5853 62
5854 47
5855 76
5856 59
5857 65
5858 50
5859 55
5860 72
5861 63
5862 47
5863 69
5864 49
5865 53
5866 68
5867 71
5868 73
5869 54
5870 58
5871 55
5872 57
5873 64
5874 59
5875 54
5876 61
5877 58
5878 61
5879 64
5880 62
5881 50
5882 58
5883 72
5884 60
5885 59
5886 48
5887 45
5888 62
5889 47
5890 51
5891 52
5892 48
5893 57
5894 57
5895 55
5896 71
5897 64
5898 46
5899 56
5900 58
5901 50
5902 60
5903 56
5904 49
5905 55
5906 59
5907 51
5908 64
5909 65
5910 66
5911 51
5912 70
5913 68
5914 59
5915 74
5916 59
5917 48
5918 64
5919 43
5920 62
5921 51
5922 47
5923 60
5924 47
5925 43
5926 51
5927 59
5928 61
5929 69
5930 63
5931 60
5932 56
5933 49
5934 62
5935 61
5936 73
5937 55
5938 64
5939 56
5940 52
5941 58
5942 55
5943 54
5944 37
5945 44
5946 63
5947 55
5948 64
5949 52
5950 62
5951 53
5952 47
5953 68
5954 66
5955 51
5956 61
5957 62
5958 61
5959 57
5960 49
5961 49
5962 51
5963 49
5964 65
5965 53
5966 57
5967 56
5968 56
5969 57
5970 56
5971 70
5972 54
5973 56
5974 62
5975 74
5976 61
5977 55
5978 51
5979 44
5980 53
5981 51
5982 63
5983 63
5984 64
5985 54
5986 58
5987 65
5988 68
5989 53
5990 67
5991 55
5992 53
5993 62
5994 62
5995 65
5996 45
5997 54
5998 55
5999 60
6000 58
6001 54
6002 49
6003 62
6004 74
6005 63
6006 63
6007 57
6008 67
6009 55
6010 62
6011 60
6012 59
6013 65
6014 64
6015 54
6016 71
6017 78
6018 58
6019 51
6020 45
6021 55
6022 60
6023 60
6024 44
6025 72
6026 69
6027 50
6028 55
6029 58
6030 64
6031 66
6032 61
6033 65
6034 65
6035 61
6036 51
6037 54
6038 51
6039 54
6040 56
6041 69
6042 69
6043 65
6044 56
6045 54
6046 56
6047 52
6048 66
6049 57
6050 41
6051 65
6052 47
6053 57
6054 70
6055 58
6056 52
6057 64
6058 63
6059 65
6060 79
6061 58
6062 65
6063 65
6064 46
6065 51
6066 62
6067 57
6068 50
6069 51
6070 70
6071 57
6072 62
6073 58
6074 48
6075 56
6076 53
6077 60
6078 54
6079 51
6080 47
6081 62
6082 47
6083 51
6084 63
6085 64
6086 43
6087 67
6088 68
6089 42
6090 59
6091 55
6092 68
6093 55
6094 56
6095 55
6096 46
6097 54
6098 60
6099 53
6100 54
6101 49
6102 72
6103 64
6104 57
6105 53
6106 49
6107 42
6108 52
6109 59
6110 59
6111 48
6112 44
6113 62
6114 65
6115 51
6116 45
6117 65
6118 51
6119 66
6120 60
6121 44
6122 57
6123 45
6124 48
6125 53
6126 55
6127 56
6128 57
6129 51
6130 58
6131 47
6132 55
6133 49
6134 43
6135 64
6136 60
6137 51
6138 55
6139 59
6140 52
6141 55
6142 58
6143 56
6144 52
6145 50
6146 57
6147 55
6148 46
6149 58
6150 56
6151 50
6152 51
6153 50
6154 58
6155 49
6156 63
6157 54
6158 54
6159 41
6160 49
6161 40
6162 55
6163 54
6164 41
6165 56
6166 44
6167 62
6168 59
6169 67
6170 55
6171 58
6172 51
6173 50
6174 43
6175 57
6176 61
6177 59
6178 56
6179 58
6180 55
6181 62
6182 55
6183 41
6184 50
6185 64
6186 53
6187 60
6188 55
6189 62
6190 64
6191 48
6192 57
6193 44
6194 66
6195 49
6196 44
6197 46
6198 48
6199 60
6200 40
6201 52
6202 64
6203 56
6204 54
6205 41
6206 47
6207 53
6208 51
6209 46
6210 50
6211 59
6212 56
6213 53
6214 46
6215 60
6216 63
6217 50
6218 55
6219 45
6220 67
6221 51
6222 66
6223 68
6224 48
6225 58
6226 56
6227 46
6228 48
6229 55
6230 57
6231 65
6232 56
6233 55
6234 53
6235 59
6236 47
6237 55
6238 59
6239 39
6240 63
6241 43
6242 63
6243 63
6244 58
6245 54
6246 51
6247 52
6248 43
6249 59
6250 63
6251 41
6252 57
6253 68
6254 45
6255 55
6256 60
6257 60
6258 48
6259 64
6260 41
6261 55
6262 59
6263 47
6264 61
6265 65
6266 60
6267 57
6268 53
6269 59
6270 42
6271 74
6272 52
6273 51
6274 44
6275 64
6276 61
6277 51
6278 46
6279 61
6280 61
6281 59
6282 43
6283 40
6284 54
6285 57
6286 44
6287 57
6288 37
6289 59
6290 53
6291 48
6292 44
6293 42
6294 52
6295 59
6296 55
6297 59
6298 46
6299 55
6300 57
6301 44
6302 53
6303 59
6304 46
6305 57
6306 55
6307 43
6308 61
6309 54
6310 40
6311 45
6312 54
6313 59
6314 53
6315 48
6316 52
6317 56
6318 43
6319 56
6320 54
6321 52
6322 60
6323 58
6324 66
6325 34
6326 59
6327 43
6328 64
6329 57
6330 68
6331 54
6332 52
6333 55
6334 50
6335 44
6336 49
6337 54
6338 45
6339 46
6340 40
6341 49
6342 50
6343 43
6344 42
6345 59
6346 52
6347 52
6348 43
6349 47
6350 60
6351 47
6352 50
6353 63
6354 57
6355 48
6356 45
6357 47
6358 44
6359 64
6360 50
6361 49
6362 46
6363 60
6364 38
6365 59
6366 46
6367 45
6368 39
6369 57
6370 52
6371 60
6372 47
6373 51
6374 49
6375 52
6376 52
6377 52
6378 46
6379 51
6380 49
6381 57
6382 54
6383 50
6384 50
6385 45
6386 45
6387 46
6388 48
6389 67
6390 49
6391 63
6392 48
6393 67
6394 56
6395 49
6396 57
6397 52
6398 42
6399 44
6400 54
6401 52
6402 55
6403 47
6404 48
6405 46
6406 59
6407 39
6408 48
6409 58
6410 62
6411 54
6412 48
6413 52
6414 54
6415 45
6416 58
6417 50
6418 39
6419 46
6420 43
6421 62
6422 59
6423 63
6424 66
6425 48
6426 57
6427 44
6428 47
6429 52
6430 66
6431 46
6432 59
6433 53
6434 55
6435 45
6436 45
6437 51
6438 60
6439 59
6440 48
6441 60
6442 46
6443 44
6444 42
6445 49
6446 67
6447 55
6448 70
6449 47
6450 71
6451 58
6452 47
6453 47
6454 59
6455 52
6456 54
6457 51
6458 49
6459 34
6460 48
6461 76
6462 59
6463 58
6464 61
6465 36
6466 54
6467 46
6468 53
6469 49
6470 44
6471 55
6472 48
6473 60
6474 51
6475 48
6476 50
6477 47
6478 45
6479 46
6480 38
6481 47
6482 49
6483 42
6484 45
6485 41
6486 56
6487 58
6488 60
6489 47
6490 53
6491 40
6492 49
6493 43
6494 52
6495 52
6496 55
6497 46
6498 42
6499 47
6500 45
6501 58
6502 45
6503 54
6504 54
6505 54
6506 55
6507 45
6508 61
6509 68
6510 44
6511 53
6512 60
6513 51
6514 52
6515 38
6516 37
6517 60
6518 52
6519 47
6520 49
6521 44
6522 52
6523 44
6524 47
6525 60
6526 55
6527 41
6528 58
6529 58
6530 56
6531 47
6532 57
6533 52
6534 58
6535 58
6536 41
6537 53
6538 40
6539 53
6540 46
6541 49
6542 41
6543 37
6544 54
6545 49
6546 43
6547 44
6548 58
6549 44
6550 46
6551 48
6552 63
6553 41
6554 41
6555 39
6556 49
6557 51
6558 58
6559 49
6560 48
6561 36
6562 43
6563 61
6564 53
6565 51
6566 50
6567 47
6568 47
6569 50
6570 38
6571 50
6572 50
6573 56
6574 41
6575 35
6576 57
6577 48
6578 50
6579 43
6580 59
6581 57
6582 53
6583 44
6584 48
6585 38
6586 51
6587 51
6588 50
6589 45
6590 54
6591 47
6592 45
6593 43
6594 53
6595 47
6596 43
6597 52
6598 44
6599 43
6600 40
6601 46
6602 40
6603 33
6604 41
6605 57
6606 62
6607 43
6608 45
6609 46
6610 47
6611 37
6612 35
6613 53
6614 44
6615 43
6616 52
6617 45
6618 43
6619 47
6620 54
6621 43
6622 51
6623 52
6624 42
6625 58
6626 46
6627 34
6628 39
6629 63
6630 46
6631 49
6632 43
6633 51
6634 35
6635 35
6636 47
6637 45
6638 45
6639 54
6640 43
6641 53
6642 53
6643 47
6644 41
6645 55
6646 62
6647 39
6648 39
6649 69
6650 37
6651 38
6652 47
6653 34
6654 40
6655 35
6656 39
6657 42
6658 38
6659 45
6660 35
6661 52
6662 32
6663 46
6664 51
6665 54
6666 46
6667 54
6668 50
6669 39
6670 44
6671 57
6672 56
6673 43
6674 43
6675 33
6676 50
6677 57
6678 47
6679 44
6680 56
6681 53
6682 48
6683 48
6684 50
6685 42
6686 47
6687 59
6688 49
6689 51
6690 32
6691 52
6692 57
6693 48
6694 52
6695 54
6696 44
6697 43
6698 42
6699 44
6700 48
6701 44
6702 51
6703 39
6704 50
6705 38
6706 40
6707 44
6708 40
6709 51
6710 42
6711 54
6712 50
6713 55
6714 44
6715 43
6716 33
6717 56
6718 47
6719 52
6720 45
6721 47
6722 53
6723 43
6724 50
6725 47
6726 38
6727 40
6728 47
6729 52
6730 39
6731 32
6732 49
6733 53
6734 41
6735 56
6736 47
6737 47
6738 45
6739 48
6740 44
6741 35
6742 46
6743 47
6744 46
6745 50
6746 43
6747 53
6748 41
6749 54
6750 45
6751 55
6752 52
6753 54
6754 41
6755 51
6756 49
6757 41
6758 54
6759 36
6760 40
6761 51
6762 38
6763 40
6764 48
6765 48
6766 47
6767 42
6768 48
6769 45
6770 56
6771 43
6772 53
6773 37
6774 39
6775 48
6776 64
6777 36
6778 41
6779 50
6780 33
6781 36
6782 51
6783 47
6784 36
6785 39
6786 47
6787 48
6788 40
6789 44
6790 42
6791 40
6792 47
6793 43
6794 43
6795 34
6796 49
6797 49
6798 54
6799 35
6800 42
6801 34
6802 45
6803 47
6804 41
6805 52
6806 48
6807 43
6808 41
6809 44
6810 47
6811 45
6812 51
6813 37
6814 41
6815 34
6816 46
6817 39
6818 49
6819 37
6820 41
6821 62
6822 46
6823 40
6824 33
6825 37
6826 39
6827 40
6828 44
6829 41
6830 59
6831 40
6832 40
6833 47
6834 48
6835 65
6836 42
6837 47
6838 39
6839 37
6840 44
6841 38
6842 36
6843 43
6844 45
6845 43
6846 53
6847 34
6848 43
6849 55
6850 45
6851 36
6852 25
6853 34
6854 39
6855 44
6856 50
6857 45
6858 36
6859 30
6860 35
6861 40
6862 47
6863 50
6864 45
6865 40
6866 38
6867 42
6868 45
6869 34
6870 47
6871 45
6872 33
6873 36
6874 46
6875 52
6876 47
6877 41
6878 50
6879 31
6880 44
6881 38
6882 39
6883 46
6884 36
6885 52
6886 60
6887 57
6888 54
6889 49
6890 49
6891 34
6892 45
6893 31
6894 42
6895 42
6896 38
6897 56
6898 45
6899 32
6900 40
6901 48
6902 33
6903 42
6904 51
6905 39
6906 48
6907 50
6908 48
6909 34
6910 38
6911 45
6912 54
6913 56
6914 45
6915 40
6916 45
6917 49
6918 46
6919 46
6920 45
6921 47
6922 40
6923 58
6924 48
6925 43
6926 35
6927 49
6928 51
6929 54
6930 47
6931 48
6932 36
6933 37
6934 47
6935 43
6936 40
6937 43
6938 49
6939 58
6940 48
6941 52
6942 44
6943 39
6944 46
6945 48
6946 41
6947 41
6948 50
6949 47
6950 48
6951 39
6952 49
6953 45
6954 49
6955 35
6956 43
6957 49
6958 49
6959 41
6960 45
6961 44
6962 54
6963 43
6964 41
6965 52
6966 48
6967 43
6968 48
6969 35
6970 35
6971 44
6972 49
6973 43
6974 37
6975 59
6976 67
6977 46
6978 39
6979 43
6980 52
6981 45
6982 47
6983 55
6984 38
6985 57
6986 42
6987 44
6988 39
6989 38
6990 45
6991 43
6992 50
6993 55
6994 34
6995 48
6996 38
6997 46
6998 44
6999 45
7000 38
7001 48
7002 51
7003 44
7004 43
7005 38
7006 34
7007 50
7008 43
7009 37
7010 42
7011 37
7012 46
7013 54
7014 49
7015 35
7016 35
7017 37
7018 34
7019 36
7020 50
7021 41
7022 55
7023 35
7024 33
7025 45
7026 38
7027 40
7028 48
7029 47
7030 46
7031 39
7032 48
7033 41
7034 55
7035 45
7036 48
7037 45
7038 44
7039 42
7040 42
7041 51
7042 37
7043 50
7044 38
7045 39
7046 35
7047 45
7048 44
7049 50
7050 59
7051 26
7052 41
7053 35
7054 38
7055 39
7056 42
7057 47
7058 43
7059 33
7060 49
7061 34
7062 45
7063 43
7064 42
7065 47
7066 36
7067 46
7068 38
7069 40
7070 55
7071 50
7072 43
7073 52
7074 52
7075 36
7076 37
7077 39
7078 43
7079 41
7080 45
7081 27
7082 45
7083 45
7084 54
7085 40
7086 42
7087 44
7088 36
7089 44
7090 38
7091 55
7092 48
7093 47
7094 51
7095 43
7096 52
7097 46
7098 42
7099 46
7100 38
7101 49
7102 46
7103 35
7104 42
7105 37
7106 49
7107 49
7108 50
7109 42
7110 53
7111 37
7112 44
7113 43
7114 58
7115 39
7116 49
7117 52
7118 46
7119 47
7120 44
7121 45
7122 38
7123 42
7124 43
7125 46
7126 54
7127 42
7128 52
7129 40
7130 43
7131 53
7132 38
7133 31
7134 47
7135 67
7136 56
7137 43
7138 38
7139 50
7140 50
7141 26
7142 37
7143 43
7144 49
7145 37
7146 44
7147 49
7148 37
7149 40
7150 45
7151 42
7152 39
7153 44
7154 50
7155 41
7156 31
7157 45
7158 40
7159 40
7160 39
7161 45
7162 52
7163 35
7164 39
7165 49
7166 47
7167 37
7168 45
7169 47
7170 36
7171 46
7172 35
7173 48
7174 37
7175 42
7176 48
7177 33
7178 29
7179 33
7180 41
7181 44
7182 39
7183 40
7184 36
7185 36
7186 34
7187 56
7188 40
7189 45
7190 28
7191 27
7192 33
7193 44
7194 42
7195 43
7196 42
7197 38
7198 46
7199 34
7200 37
7201 46
7202 34
7203 27
7204 59
7205 38
7206 45
7207 46
7208 40
7209 34
7210 43
7211 51
7212 35
7213 47
7214 43
7215 44
7216 44
7217 44
7218 48
7219 42
7220 40
7221 40
7222 52
7223 34
7224 37
7225 35
7226 50
7227 44
7228 46
7229 41
7230 41
7231 35
7232 49
7233 45
7234 38
7235 35
7236 46
7237 33
7238 29
7239 38
7240 38
7241 27
7242 39
7243 42
7244 43
7245 46
7246 46
7247 42
7248 38
7249 46
7250 58
7251 48
7252 40
7253 40
7254 54
7255 39
7256 60
7257 46
7258 50
7259 48
7260 39
7261 48
7262 34
7263 53
7264 37
7265 41
7266 47
7267 48
7268 54
7269 46
7270 41
7271 47
7272 51
7273 47
7274 52
7275 48
7276 41
7277 44
7278 31
7279 60
7280 32
7281 40
7282 50
7283 44
7284 35
7285 42
7286 44
7287 38
7288 51
7289 37
7290 44
7291 37
7292 57
7293 41
7294 38
7295 34
7296 34
7297 41
7298 48
7299 37
7300 34
7301 45
7302 39
7303 40
7304 39
7305 55
7306 32
7307 31
7308 39
7309 49
7310 33
7311 38
7312 50
7313 29
7314 37
7315 45
7316 35
7317 49
7318 43
7319 46
7320 43
7321 48
7322 37
7323 41
7324 47
7325 36
7326 45
7327 37
7328 39
7329 36
7330 42
7331 40
7332 38
7333 39
7334 48
7335 42
7336 36
7337 40
7338 53
7339 57
7340 37
7341 42
7342 35
7343 31
7344 43
7345 39
7346 31
7347 38
7348 37
7349 45
7350 31
7351 39
7352 35
7353 35
7354 35
7355 30
7356 30
7357 35
7358 35
7359 49
7360 34
7361 37
7362 38
7363 37
7364 50
7365 39
7366 37
7367 41
7368 39
7369 24
7370 21
7371 38
7372 39
7373 32
7374 45
7375 44
7376 39
7377 32
7378 30
7379 45
7380 36
7381 35
7382 39
7383 34
7384 56
7385 38
7386 30
7387 54
7388 26
7389 43
7390 33
7391 38
7392 47
7393 45
7394 43
7395 32
7396 42
7397 48
7398 36
7399 32
7400 35
7401 39
7402 39
7403 38
7404 48
7405 41
7406 35
7407 40
7408 32
7409 45
7410 39
7411 39
7412 38
7413 35
7414 35
7415 24
7416 36
7417 41
7418 37
7419 35
7420 32
7421 38
7422 41
7423 35
7424 40
7425 44
7426 30
7427 36
7428 37
7429 30
7430 37
7431 43
7432 36
7433 39
7434 43
7435 45
7436 46
7437 48
7438 39
7439 38
7440 34
7441 39
7442 40
7443 33
7444 44
7445 37
7446 40
7447 35
7448 28
7449 35
7450 35
7451 48
7452 28
7453 32
7454 32
7455 27
7456 27
7457 37
7458 34
7459 40
7460 54
7461 47
7462 38
7463 43
7464 38
7465 44
7466 44
7467 50
7468 31
7469 45
7470 33
7471 47
7472 35
7473 50
7474 34
7475 39
7476 48
7477 40
7478 37
7479 42
7480 37
7481 45
7482 38
7483 51
7484 34
7485 34
7486 36
7487 26
7488 43
7489 38
7490 28
7491 32
7492 43
7493 35
7494 31
7495 42
7496 39
7497 44
7498 34
7499 35
7500 39
7501 38
7502 43
7503 41
7504 44
7505 41
7506 47
7507 47
7508 40
7509 44
7510 42
7511 39
7512 41
7513 44
7514 46
7515 38
7516 37
7517 33
7518 40
7519 31
7520 42
7521 30
7522 27
7523 42
7524 36
7525 47
7526 37
7527 27
7528 43
7529 45
7530 37
7531 43
7532 38
7533 44
7534 53
7535 40
7536 36
7537 34
7538 41
7539 34
7540 34
7541 25
7542 40
7543 43
7544 29
7545 44
7546 39
7547 31
7548 36
7549 24
7550 49
7551 41
7552 29
7553 30
7554 39
7555 37
7556 42
7557 40
7558 38
7559 40
7560 34
7561 38
7562 37
7563 39
7564 30
7565 39
7566 33
7567 45
7568 42
7569 39
7570 49
7571 49
7572 40
7573 36
7574 42
7575 45
7576 35
7577 46
7578 40
7579 39
7580 36
7581 34
7582 39
7583 47
7584 25
7585 29
7586 30
7587 45
7588 48
7589 42
7590 41
7591 36
7592 44
7593 37
7594 31
7595 39
7596 46
7597 47
7598 27
7599 40
7600 42
7601 38
7602 37
7603 34
7604 37
7605 48
7606 28
7607 27
7608 34
7609 37
7610 38
7611 42
7612 45
7613 41
7614 28
7615 37
7616 30
7617 34
7618 38
7619 39
7620 29
7621 43
7622 33
7623 41
7624 31
7625 43
7626 46
7627 26
7628 32
7629 43
7630 40
7631 42
7632 46
7633 33
7634 27
7635 37
7636 45
7637 38
7638 34
7639 40
7640 42
7641 43
7642 40
7643 39
7644 40
7645 38
7646 29
7647 42
7648 39
7649 41
7650 32
7651 40
7652 44
7653 37
7654 31
7655 35
7656 36
7657 42
7658 36
7659 53
7660 44
7661 44
7662 33
7663 48
7664 43
7665 43
7666 36
7667 38
7668 42
7669 35
7670 37
7671 28
7672 34
7673 35
7674 42
7675 39
7676 40
7677 49
7678 41
7679 45
7680 38
7681 33
7682 41
7683 44
7684 41
7685 48
7686 22
7687 39
7688 33
7689 36
7690 47
7691 30
7692 44
7693 31
7694 33
7695 28
7696 35
7697 31
7698 34
7699 39
7700 46
7701 54
7702 43
7703 42
7704 39
7705 36
7706 31
7707 43
7708 51
7709 50
7710 36
7711 31
7712 35
7713 44
7714 29
7715 32
7716 33
7717 28
7718 37
7719 23
7720 33
7721 40
7722 38
7723 48
7724 39
7725 38
7726 35
7727 40
7728 29
7729 27
7730 34
7731 41
7732 34
7733 44
7734 36
7735 44
7736 34
7737 32
7738 46
7739 36
7740 47
7741 31
7742 36
7743 33
7744 44
7745 33
7746 49
7747 37
7748 33
7749 30
7750 43
7751 42
7752 44
7753 36
7754 45
7755 40
7756 41
7757 45
7758 32
7759 33
7760 34
7761 38
7762 47
7763 27
7764 45
7765 42
7766 42
7767 26
7768 32
7769 34
7770 32
7771 36
7772 35
7773 35
7774 30
7775 32
7776 24
7777 52
7778 46
7779 34
7780 42
7781 32
7782 36
7783 42
7784 57
7785 36
7786 39
7787 34
7788 33
7789 45
7790 38
7791 36
7792 38
7793 35
7794 39
7795 25
7796 43
7797 31
7798 42
7799 38
7800 37
7801 35
7802 36
7803 28
7804 38
7805 31
7806 48
7807 37
7808 28
7809 32
7810 33
7811 42
7812 43
7813 23
7814 46
7815 32
7816 33
7817 49
7818 42
7819 38
7820 47
7821 42
7822 42
7823 45
7824 32
7825 30
7826 31
7827 31
7828 45
7829 31
7830 33
7831 28
7832 26
7833 39
7834 44
7835 43
7836 37
7837 42
7838 36
7839 29
7840 43
7841 32
7842 34
7843 33
7844 30
7845 46
7846 36
7847 31
7848 32
7849 42
7850 40
7851 42
7852 41
7853 42
7854 50
7855 45
7856 29
7857 35
7858 31
7859 28
7860 32
7861 39
7862 49
7863 23
7864 37
7865 39
7866 42
7867 31
7868 42
7869 36
7870 46
7871 40
7872 49
7873 44
7874 39
7875 37
7876 36
7877 29
7878 36
7879 36
7880 38
7881 51
7882 31
7883 48
7884 31
7885 29
7886 35
7887 32
7888 30
7889 33
7890 27
7891 45
7892 37
7893 28
7894 37
7895 35
7896 30
7897 41
7898 34
7899 34
7900 38
7901 32
7902 42
7903 28
7904 34
7905 32
7906 33
7907 36
7908 33
7909 24
7910 26
7911 43
7912 29
7913 50
7914 38
7915 33
7916 35
7917 34
7918 44
7919 26
7920 34
7921 28
7922 34
7923 40
7924 36
7925 39
7926 36
7927 35
7928 29
7929 31
7930 37
7931 36
7932 33
7933 35
7934 25
7935 40
7936 36
7937 40
7938 33
7939 34
7940 31
7941 30
7942 39
7943 36
7944 36
7945 41
7946 45
7947 35
7948 23
7949 32
7950 32
7951 34
7952 42
7953 20
7954 35
7955 40
7956 33
7957 29
7958 29
7959 36
7960 39
7961 34
7962 40
7963 34
7964 35
7965 36
7966 29
7967 30
7968 31
7969 39
7970 35
7971 24
7972 42
7973 52
7974 43
7975 41
7976 34
7977 29
7978 26
7979 33
7980 38
7981 33
7982 36
7983 44
7984 36
7985 36
7986 31
7987 28
7988 38
7989 37
7990 50
7991 32
7992 32
7993 33
7994 35
7995 42
7996 31
7997 30
7998 31
7999 37
8000 35
8001 31
8002 31
8003 34
8004 45
8005 31
8006 42
8007 39
8008 36
8009 36
8010 31
8011 30
8012 32
8013 38
8014 31
8015 37
8016 30
8017 35
8018 35
8019 27
8020 38
8021 37
8022 25
8023 28
8024 31
8025 31
8026 29
8027 43
8028 28
8029 40
8030 34
8031 34
8032 30
8033 30
8034 29
8035 27
8036 42
8037 27
8038 38
8039 22
8040 32
8041 23
8042 39
8043 32
8044 30
8045 34
8046 37
8047 32
8048 28
8049 28
8050 35
8051 25
8052 28
8053 30
8054 33
8055 22
8056 24
8057 27
8058 32
8059 34
8060 41
8061 29
8062 28
8063 28
8064 29
8065 24
8066 42
8067 21
8068 34
8069 31
8070 24
8071 31
8072 46
8073 28
8074 25
8075 47
8076 21
8077 39
8078 31
8079 37
8080 26
8081 29
8082 38
8083 34
8084 31
8085 44
8086 32
8087 21
8088 29
8089 23
8090 23
8091 31
8092 33
8093 25
8094 35
8095 31
8096 36
8097 32
8098 31
8099 36
8100 31
8101 23
8102 30
8103 43
8104 31
8105 31
8106 26
8107 30
8108 26
8109 39
8110 26
8111 31
8112 32
8113 29
8114 34
8115 36
8116 43
8117 28
8118 33
8119 31
8120 34
8121 34
8122 33
8123 29
8124 26
8125 21
8126 33
8127 34
8128 27
8129 31
8130 27
8131 26
8132 24
8133 17
8134 29
8135 31
8136 36
8137 31
8138 34
8139 23
8140 28
8141 23
8142 26
8143 19
8144 29
8145 41
8146 31
8147 23
8148 31
8149 30
8150 22
8151 29
8152 28
8153 35
8154 24
8155 36
8156 34
8157 25
8158 25
8159 30
8160 39
8161 45
8162 35
8163 37
8164 28
8165 26
8166 28
8167 24
8168 26
8169 30
8170 28
8171 28
8172 39
8173 32
8174 21
8175 19
8176 30
8177 37
8178 30
8179 23
8180 32
8181 30
8182 30
8183 29
8184 24
8185 29
8186 35
8187 23
8188 33
8189 23
8190 26
8191 37
8192 40
8193 31
8194 30
8195 26
8196 30
8197 29
8198 32
8199 25
8200 36
8201 28
8202 22
8203 33
8204 34
8205 25
8206 27
8207 34
8208 32
8209 30
8210 33
8211 31
8212 25
8213 38
8214 39
8215 38
8216 29
8217 27
8218 37
8219 30
8220 29
8221 26
8222 34
8223 22
8224 27
8225 32
8226 29
8227 33
8228 29
8229 25
8230 30
8231 22
8232 42
8233 25
8234 41
8235 23
8236 32
8237 26
8238 17
8239 28
8240 42
8241 41
8242 32
8243 34
8244 31
8245 29
8246 20
8247 21
8248 34
8249 30
8250 32
8251 26
8252 31
8253 23
8254 29
8255 34
8256 32
8257 39
8258 30
8259 40
8260 21
8261 29
8262 29
8263 34
8264 28
8265 29
8266 37
8267 37
8268 26
8269 34
8270 26
8271 33
8272 24
8273 31
8274 28
8275 25
8276 40
8277 30
8278 28
8279 27
8280 29
8281 28
8282 33
8283 31
8284 37
8285 21
8286 25
8287 32
8288 28
8289 32
8290 27
8291 33
8292 25
8293 31
8294 18
8295 24
8296 23
8297 32
8298 28
8299 38
8300 27
8301 28
8302 25
8303 36
8304 30
8305 26
8306 28
8307 34
8308 31
8309 26
8310 30
8311 25
8312 36
8313 29
8314 31
8315 21
8316 31
8317 33
8318 34
8319 26
8320 37
8321 24
8322 34
8323 51
8324 37
8325 28
8326 33
8327 28
8328 31
8329 28
8330 24
8331 33
8332 27
8333 32
8334 31
8335 26
8336 32
8337 24
8338 28
8339 23
8340 30
8341 32
8342 26
8343 37
8344 32
8345 21
8346 29
8347 28
8348 31
8349 38
8350 28
8351 25
8352 28
8353 23
8354 22
8355 24
8356 27
8357 30
8358 27
8359 28
8360 26
8361 33
8362 38
8363 23
8364 34
8365 25
8366 24
8367 38
8368 27
8369 31
8370 26
8371 24
8372 33
8373 37
8374 28
8375 38
8376 24
8377 30
8378 28
8379 37
8380 26
8381 30
8382 30
8383 36
8384 34
8385 22
8386 32
8387 31
8388 27
8389 31
8390 37
8391 27
8392 34
8393 35
8394 36
8395 27
8396 34
8397 38
8398 24
8399 26
8400 33
8401 27
8402 29
8403 25
8404 34
8405 26
8406 32
8407 33
8408 30
8409 25
8410 33
8411 27
8412 28
8413 23
8414 49
8415 33
8416 33
8417 30
8418 32
8419 36
8420 23
8421 38
8422 30
8423 32
8424 26
8425 34
8426 28
8427 22
8428 36
8429 28
8430 32
8431 25
8432 31
8433 27
8434 38
8435 31
8436 30
8437 34
8438 28
8439 26
8440 28
8441 37
8442 25
8443 23
8444 31
8445 32
8446 33
8447 32
8448 31
8449 26
8450 27
8451 31
8452 37
8453 33
8454 27
8455 27
8456 25
8457 31
8458 30
8459 28
8460 29
8461 31
8462 43
8463 32
8464 38
8465 39
8466 28
8467 21
8468 19
8469 22
8470 21
8471 35
8472 23
8473 26
8474 27
8475 30
8476 28
8477 28
8478 33
8479 26
8480 25
8481 23
8482 22
8483 33
8484 26
8485 31
8486 27
8487 38
8488 27
8489 32
8490 29
8491 27
8492 26
8493 30
8494 30
8495 29
8496 32
8497 23
8498 30
8499 25
8500 24
8501 44
8502 23
8503 29
8504 21
8505 26
8506 29
8507 30
8508 22
8509 26
8510 28
8511 29
8512 16
8513 25
8514 26
8515 18
8516 26
8517 43
8518 26
8519 34
8520 24
8521 32
8522 27
8523 27
8524 22
8525 29
8526 25
8527 19
8528 23
8529 32
8530 31
8531 35
8532 28
8533 20
8534 27
8535 28
8536 21
8537 20
8538 21
8539 39
8540 18
8541 23
8542 20
8543 27
8544 30
8545 31
8546 26
8547 23
8548 34
8549 30
8550 24
8551 31
8552 27
8553 33
8554 25
8555 15
8556 31
8557 35
8558 26
8559 21
8560 38
8561 28
8562 30
8563 26
8564 27
8565 18
8566 26
8567 29
8568 30
8569 32
8570 24
8571 32
8572 27
8573 28
8574 27
8575 19
8576 27
8577 24
8578 33
8579 35
8580 30
8581 37
8582 28
8583 22
8584 20
8585 20
8586 33
8587 26
8588 25
8589 32
8590 37
8591 19
8592 26
8593 28
8594 26
8595 28
8596 28
8597 32
8598 30
8599 19
8600 25
8601 25
8602 31
8603 22
8604 28
8605 25
8606 24
8607 19
8608 21
8609 28
8610 25
8611 29
8612 13
8613 37
8614 25
8615 23
8616 20
8617 32
8618 17
8619 31
8620 26
8621 21
8622 25
8623 19
8624 29
8625 29
8626 25
8627 32
8628 25
8629 23
8630 31
8631 25
8632 28
8633 18
8634 21
8635 27
8636 31
8637 28
8638 20
8639 26
8640 28
8641 27
8642 27
8643 28
8644 20
8645 30
8646 24
8647 25
8648 19
8649 28
8650 33
8651 24
8652 26
8653 20
8654 24
8655 23
8656 27
8657 34
8658 23
8659 17
8660 26
8661 29
8662 30
8663 20
8664 29
8665 36
8666 22
8667 15
8668 31
8669 25
8670 16
8671 30
8672 26
8673 25
8674 26
8675 33
8676 20
8677 31
8678 24
8679 21
8680 25
8681 32
8682 27
8683 23
8684 27
8685 19
8686 23
8687 29
8688 30
8689 26
8690 23
8691 32
8692 23
8693 37
8694 19
8695 24
8696 22
8697 18
8698 20
8699 32
8700 30
8701 23
8702 23
8703 32
8704 24
8705 20
8706 30
8707 20
8708 24
8709 31
8710 30
8711 23
8712 21
8713 17
8714 22
8715 23
8716 18
8717 25
8718 24
8719 18
8720 23
8721 27
8722 21
8723 19
8724 25
8725 24
8726 27
8727 30
8728 27
8729 14
8730 23
8731 21
8732 23
8733 24
8734 15
8735 31
8736 20
8737 27
8738 24
8739 28
8740 26
8741 27
8742 19
8743 28
8744 26
8745 26
8746 26
8747 27
8748 23
8749 22
8750 14
8751 31
8752 17
8753 25
8754 29
8755 19
8756 26
8757 24
8758 24
8759 32
8760 29
8761 29
8762 25
8763 17
8764 31
8765 31
8766 31
8767 22
8768 23
8769 26
8770 24
8771 27
8772 20
8773 30
8774 33
8775 16
8776 23
8777 19
8778 22
8779 23
8780 32
8781 29
8782 28
8783 33
8784 28
8785 30
8786 33
8787 25
8788 24
8789 28
8790 23
8791 24
8792 28
8793 17
8794 27
8795 21
8796 28
8797 28
8798 39
8799 24
8800 29
8801 24
8802 22
8803 26
8804 30
8805 27
8806 31
8807 27
8808 25
8809 22
8810 20
8811 19
8812 27
8813 30
8814 14
8815 21
8816 34
8817 30
8818 22
8819 25
8820 25
8821 22
8822 13
8823 20
8824 25
8825 28
8826 17
8827 31
8828 23
8829 17
8830 24
8831 32
8832 24
8833 23
8834 21
8835 25
8836 29
8837 30
8838 26
8839 25
8840 29
8841 29
8842 29
8843 31
8844 26
8845 26
8846 17
8847 18
8848 28
8849 25
8850 24
8851 23
8852 27
8853 24
8854 24
8855 25
8856 29
8857 17
8858 20
8859 22
8860 26
8861 28
8862 21
8863 29
8864 30
8865 27
8866 29
8867 33
8868 22
8869 25
8870 18
8871 28
8872 27
8873 25
8874 29
8875 39
8876 28
8877 22
8878 31
8879 33
8880 16
8881 22
8882 22
8883 21
8884 22
8885 21
8886 26
8887 28
8888 21
8889 29
8890 23
8891 26
8892 29
8893 18
8894 20
8895 26
8896 15
8897 24
8898 25
8899 22
8900 28
8901 28
8902 28
8903 33
8904 16
8905 23
8906 18
8907 18
8908 17
8909 19
8910 29
8911 18
8912 31
8913 23
8914 21
8915 25
8916 24
8917 25
8918 22
8919 26
8920 18
8921 26
8922 25
8923 19
8924 20
8925 25
8926 20
8927 28
8928 32
8929 23
8930 20
8931 25
8932 27
8933 20
8934 18
8935 19
8936 18
8937 24
8938 24
8939 24
8940 25
8941 21
8942 27
8943 21
8944 24
8945 22
8946 16
8947 20
8948 31
8949 33
8950 19
8951 30
8952 17
8953 25
8954 21
8955 26
8956 34
8957 20
8958 21
8959 19
8960 13
8961 18
8962 25
8963 23
8964 24
8965 32
8966 24
8967 20
8968 21
8969 18
8970 20
8971 21
8972 15
8973 23
8974 32
8975 26
8976 30
8977 27
8978 16
8979 21
8980 25
8981 24
8982 26
8983 34
8984 15
8985 15
8986 20
8987 27
8988 27
8989 18
8990 22
8991 29
8992 24
8993 28
8994 19
8995 34
8996 22
8997 18
8998 28
8999 13
9000 22
9001 19
9002 18
9003 23
9004 25
9005 16
9006 21
9007 23
9008 31
9009 22
9010 24
9011 15
9012 18
9013 22
9014 16
9015 19
9016 22
9017 18
9018 28
9019 23
9020 22
9021 18
9022 18
9023 33
9024 21
9025 35
9026 29
9027 22
9028 20
9029 20
9030 15
9031 39
9032 15
9033 17
9034 22
9035 22
9036 15
9037 29
9038 31
9039 18
9040 29
9041 28
9042 20
9043 16
9044 24
9045 21
9046 14
9047 24
9048 23
9049 19
9050 17
9051 25
9052 17
9053 30
9054 17
9055 28
9056 29
9057 23
9058 24
9059 19
9060 20
9061 19
9062 24
9063 22
9064 21
9065 24
9066 28
9067 21
9068 28
9069 16
9070 21
9071 19
9072 26
9073 22
9074 27
9075 23
9076 18
9077 16
9078 19
9079 29
9080 28
9081 25
9082 16
9083 22
9084 19
9085 28
9086 25
9087 26
9088 22
9089 27
9090 24
9091 22
9092 20
9093 22
9094 23
9095 18
9096 18
9097 25
9098 16
9099 19
9100 20
9101 22
9102 25
9103 30
9104 19
9105 19
9106 13
9107 13
9108 14
9109 23
9110 25
9111 20
9112 23
9113 23
9114 26
9115 16
9116 20
9117 24
9118 16
9119 29
9120 19
9121 28
9122 22
9123 21
9124 30
9125 19
9126 16
9127 27
9128 29
9129 23
9130 22
9131 24
9132 17
9133 23
9134 24
9135 17
9136 15
9137 20
9138 21
9139 28
9140 28
9141 15
9142 29
9143 22
9144 17
9145 25
9146 31
9147 24
9148 18
9149 14
9150 15
9151 20
9152 20
9153 23
9154 26
9155 26
9156 20
9157 13
9158 19
9159 31
9160 20
9161 21
9162 24
9163 20
9164 21
9165 25
9166 21
9167 15
9168 22
9169 11
9170 19
9171 20
9172 22
9173 20
9174 23
9175 21
9176 23
9177 17
9178 13
9179 26
9180 24
9181 31
9182 17
9183 29
9184 16
9185 26
9186 17
9187 12
9188 28
9189 21
9190 12
9191 16
9192 29
9193 25
9194 35
9195 24
9196 20
9197 23
9198 16
9199 17
9200 15
9201 23
9202 33
9203 20
9204 16
9205 27
9206 19
9207 31
9208 21
9209 27
9210 20
9211 18
9212 21
9213 18
9214 28
9215 18
9216 29
9217 19
9218 24
9219 23
9220 28
9221 31
9222 14
9223 20
9224 18
9225 18
9226 20
9227 26
9228 25
9229 28
9230 29
9231 24
9232 30
9233 19
9234 24
9235 28
9236 10
9237 19
9238 15
9239 28
9240 24
9241 20
9242 21
9243 23
9244 22
9245 20
9246 25
9247 18
9248 22
9249 17
9250 25
9251 26
9252 16
9253 20
9254 16
9255 18
9256 13
9257 26
9258 14
9259 20
9260 18
9261 22
9262 33
9263 18
9264 18
9265 28
9266 16
9267 25
9268 19
9269 23
9270 25
9271 24
9272 16
9273 31
9274 20
9275 17
9276 27
9277 19
9278 10
9279 23
9280 27
9281 15
9282 28
9283 16
9284 15
9285 22
9286 20
9287 16
9288 22
9289 25
9290 24
9291 29
9292 23
9293 22
9294 21
9295 24
9296 13
9297 16
9298 15
9299 24
9300 22
9301 21
9302 16
9303 16
9304 25
9305 23
9306 18
9307 26
9308 15
9309 18
9310 16
9311 27
9312 15
9313 23
9314 24
9315 25
9316 26
9317 20
9318 28
9319 20
9320 23
9321 21
9322 13
9323 17
9324 17
9325 34
9326 21
9327 19
9328 20
9329 24
9330 17
9331 17
9332 24
9333 33
9334 27
9335 22
9336 19
9337 21
9338 22
9339 28
9340 19
9341 26
9342 18
9343 20
9344 19
9345 23
9346 24
9347 23
9348 22
9349 28
9350 24
9351 21
9352 23
9353 14
9354 15
9355 21
9356 15
9357 18
9358 15
9359 19
9360 18
9361 15
9362 31
9363 27
9364 20
9365 26
9366 25
9367 16
9368 27
9369 20
9370 17
9371 24
9372 19
9373 16
9374 21
9375 22
9376 22
9377 21
9378 21
9379 23
9380 23
9381 23
9382 21
9383 27
9384 17
9385 24
9386 18
9387 28
9388 16
9389 18
9390 18
9391 21
9392 18
9393 21
9394 24
9395 16
9396 23
9397 23
9398 16
9399 17
9400 17
9401 24
9402 15
9403 20
9404 17
9405 24
9406 19
9407 20
9408 18
9409 14
9410 19
9411 30
9412 28
9413 16
9414 13
9415 20
9416 16
9417 19
9418 16
9419 23
9420 27
9421 19
9422 18
9423 21
9424 14
9425 11
9426 19
9427 21
9428 20
9429 16
9430 23
9431 15
9432 22
9433 26
9434 19
9435 17
9436 18
9437 12
9438 22
9439 20
9440 16
9441 23
9442 28
9443 23
9444 22
9445 14
9446 24
9447 19
9448 20
9449 19
9450 24
9451 16
9452 14
9453 18
9454 27
9455 15
9456 21
9457 22
9458 20
9459 24
9460 25
9461 14
9462 20
9463 13
9464 18
9465 27
9466 18
9467 27
9468 28
9469 17
9470 20
9471 25
9472 17
9473 23
9474 14
9475 23
9476 21
9477 19
9478 23
9479 15
9480 23
9481 28
9482 25
9483 17
9484 20
9485 20
9486 23
9487 21
9488 20
9489 25
9490 24
9491 24
9492 21
9493 17
9494 13
9495 25
9496 17
9497 18
9498 24
9499 15
9500 23
9501 18
9502 17
9503 21
9504 19
9505 20
9506 13
9507 17
9508 19
9509 16
9510 19
9511 11
9512 10
9513 21
9514 23
9515 21
9516 15
9517 18
9518 18
9519 15
9520 16
9521 22
9522 16
9523 16
9524 20
9525 20
9526 18
9527 14
9528 30
9529 22
9530 25
9531 28
9532 10
9533 21
9534 22
9535 19
9536 26
9537 18
9538 14
9539 21
9540 18
9541 22
9542 21
9543 24
9544 16
9545 10
9546 16
9547 16
9548 17
9549 21
9550 20
9551 20
9552 19
9553 25
9554 15
9555 21
9556 23
9557 12
9558 19
9559 15
9560 16
9561 15
9562 21
9563 18
9564 20
9565 23
9566 13
9567 13
9568 16
9569 21
9570 12
9571 19
9572 26
9573 15
9574 29
9575 19
9576 19
9577 15
9578 18
9579 16
9580 20
9581 20
9582 21
9583 20
9584 21
9585 24
9586 21
9587 18
9588 14
9589 20
9590 14
9591 22
9592 18
9593 27
9594 15
9595 14
9596 22
9597 20
9598 12
9599 20
9600 17
9601 13
9602 17
9603 21
9604 19
9605 9
9606 17
9607 16
9608 18
9609 16
9610 22
9611 13
9612 17
9613 24
9614 12
9615 17
9616 17
9617 23
9618 15
9619 11
9620 17
9621 21
9622 19
9623 7
9624 29
9625 9
9626 15
9627 22
9628 26
9629 13
9630 20
9631 27
9632 15
9633 13
9634 19
9635 17
9636 19
9637 15
9638 16
9639 11
9640 15
9641 16
9642 19
9643 16
9644 22
9645 20
9646 11
9647 22
9648 13
9649 15
9650 11
9651 18
9652 17
9653 13
9654 22
9655 16
9656 22
9657 20
9658 15
9659 15
9660 16
9661 23
9662 18
9663 11
9664 18
9665 18
9666 15
9667 14
9668 7
9669 16
9670 16
9671 15
9672 19
9673 15
9674 16
9675 14
9676 17
9677 20
9678 18
9679 16
9680 14
9681 9
9682 12
9683 22
9684 19
9685 17
9686 16
9687 23
9688 21
9689 16
9690 14
9691 18
9692 19
9693 22
9694 16
9695 20
9696 10
9697 17
9698 14
9699 20
9700 18
9701 22
9702 19
9703 14
9704 19
9705 12
9706 16
9707 17
9708 11
9709 16
9710 18
9711 18
9712 13
9713 18
9714 20
9715 18
9716 22
9717 22
9718 22
9719 18
9720 18
9721 12
9722 11
9723 20
9724 15
9725 12
9726 24
9727 13
9728 20
9729 13
9730 26
9731 14
9732 25
9733 16
9734 25
9735 18
9736 16
9737 18
9738 11
9739 18
9740 9
9741 18
9742 21
9743 19
9744 14
9745 22
9746 14
9747 23
9748 15
9749 20
9750 26
9751 22
9752 19
9753 24
9754 22
9755 17
9756 19
9757 19
9758 19
9759 14
9760 13
9761 29
9762 21
9763 21
9764 9
9765 24
9766 16
9767 20
9768 13
9769 17
9770 17
9771 16
9772 15
9773 20
9774 15
9775 21
9776 21
9777 20
9778 14
9779 18
9780 8
9781 16
9782 22
9783 18
9784 20
9785 16
9786 11
9787 12
9788 13
9789 21
9790 21
9791 16
9792 12
9793 17
9794 15
9795 15
9796 24
9797 23
9798 23
9799 22
9800 15
9801 10
9802 11
9803 13
9804 18
9805 16
9806 19
9807 21
9808 22
9809 17
9810 23
9811 17
9812 15
9813 14
9814 27
9815 12
9816 18
9817 15
9818 24
9819 12
9820 16
9821 22
9822 17
9823 20
9824 19
9825 12
9826 17
9827 17
9828 14
9829 18
9830 24
9831 19
9832 15
9833 19
9834 17
9835 17
9836 18
9837 14
9838 15
9839 13
9840 22
9841 19
9842 18
9843 20
9844 23
9845 16
9846 16
9847 18
9848 20
9849 27
9850 18
9851 18
9852 18
9853 12
9854 20
9855 13
9856 17
9857 9
9858 28
9859 23
9860 13
9861 18
9862 17
9863 18
9864 10
9865 22
9866 22
9867 10
9868 15
9869 15
9870 24
9871 15
9872 16
9873 19
9874 9
9875 11
9876 19
9877 18
9878 15
9879 19
9880 21
9881 13
9882 15
9883 15
9884 17
9885 10
9886 16
9887 17
9888 18
9889 16
9890 19
9891 23
9892 12
9893 12
9894 14
9895 18
9896 15
9897 23
9898 12
9899 14
9900 18
9901 16
9902 12
9903 23
9904 20
9905 13
9906 13
9907 10
9908 19
9909 14
9910 21
9911 11
9912 11
9913 19
9914 14
9915 17
9916 22
9917 9
9918 18
9919 15
9920 9
9921 11
9922 16
9923 17
9924 18
9925 25
9926 24
9927 21
9928 12
9929 15
9930 20
9931 20
9932 8
9933 23
9934 23
9935 21
9936 17
9937 17
9938 18
9939 21
9940 13
9941 25
9942 20
9943 17
9944 23
9945 17
9946 13
9947 13
9948 13
9949 19
9950 11
9951 14
9952 14
9953 19
9954 25
9955 20
9956 18
9957 12
9958 9
9959 12
9960 15
9961 20
9962 12
9963 21
9964 15
9965 9
9966 18
9967 16
9968 12
9969 16
9970 16
9971 28
9972 28
9973 17
9974 11
9975 28
9976 15
9977 16
9978 21
9979 12
9980 12
9981 23
9982 17
9983 18
9984 15
9985 19
9986 14
9987 16
9988 21
9989 17
9990 14
9991 19
9992 15
9993 14
9994 21
9995 14
9996 17
9997 16
9998 10
9999 14
10000 19
10001 201932
